fare_id,rider_category_id,price
1,5,3.10
2,5,1.70
3,5,4.10
4,5,1.70
5,5,3.55
6,5,2.85
7,5,2.75
8,5,2.65
9,5,2.55
10,5,2.50
11,5,2.45
12,5,2.40
13,5,2.35
14,5,2.35
15,5,2.35
16,5,2.50
17,5,2.60
18,5,2.75
19,5,2.90
20,5,3.05
21,5,3.20
22,5,3.45
23,5,3.65
24,5,3.05
25,5,3.65
26,5,3.85
27,5,3.60
28,5,1.70
29,5,3.45
30,5,3.25
31,5,3.15
32,5,2.95
33,5,2.75
34,5,2.45
35,5,2.30
36,5,2.10
37,5,2.10
38,5,2.10
39,5,2.10
40,5,2.00
41,5,1.95
42,5,1.80
43,5,1.70
44,5,1.70
45,5,5.85
46,5,3.90
47,5,4.25
48,5,4.40
49,5,3.95
50,5,4.30
51,5,1.70
52,5,3.10
53,5,4.10
54,5,1.70
55,5,3.70
56,5,3.00
57,5,2.85
58,5,2.80
59,5,2.70
60,5,2.65
61,5,2.60
62,5,2.55
63,5,2.50
64,5,2.50
65,5,2.50
66,5,2.65
67,5,2.75
68,5,2.90
69,5,3.05
70,5,3.20
71,5,3.35
72,5,3.60
73,5,3.80
74,5,3.20
75,5,3.75
76,5,4.00
77,5,3.70
78,5,1.70
79,5,3.60
80,5,3.40
81,5,3.30
82,5,3.10
83,5,2.90
84,5,2.60
85,5,2.45
86,5,2.30
87,5,2.30
88,5,2.30
89,5,2.30
90,5,2.20
91,5,2.15
92,5,2.05
93,5,1.95
94,5,1.70
95,5,6.00
96,5,4.00
97,5,4.40
98,5,4.55
99,5,4.10
100,5,4.40
101,5,4.10
102,5,4.10
103,5,3.10
104,5,2.40
105,5,6.20
106,5,5.50
107,5,5.35
108,5,5.30
109,5,5.20
110,5,5.15
111,5,5.10
112,5,5.05
113,5,5.00
114,5,5.00
115,5,5.00
116,5,5.15
117,5,5.25
118,5,5.40
119,5,5.55
120,5,5.70
121,5,5.85
122,5,6.10
123,5,6.30
124,5,5.70
125,5,6.25
126,5,6.50
127,5,6.20
128,5,4.30
129,5,6.10
130,5,5.90
131,5,5.80
132,5,5.60
133,5,5.40
134,5,5.10
135,5,4.95
136,5,4.80
137,5,4.80
138,5,4.80
139,5,4.80
140,5,4.80
141,5,4.75
142,5,4.60
143,5,4.55
144,5,4.40
145,5,8.50
146,5,6.50
147,5,6.90
148,5,7.05
149,5,6.60
150,5,6.90
151,5,1.70
152,5,1.70
153,5,2.40
154,5,3.10
155,5,3.85
156,5,3.15
157,5,3.05
158,5,2.95
159,5,2.85
160,5,2.85
161,5,2.80
162,5,2.70
163,5,2.65
164,5,2.65
165,5,2.65
166,5,2.80
167,5,2.90
168,5,3.10
169,5,3.20
170,5,3.35
171,5,3.50
172,5,3.80
173,5,3.95
174,5,3.35
175,5,3.95
176,5,4.15
177,5,3.90
178,5,2.00
179,5,3.80
180,5,3.55
181,5,3.50
182,5,3.30
183,5,3.10
184,5,2.80
185,5,2.60
186,5,2.50
187,5,2.50
188,5,2.50
189,5,2.50
190,5,2.45
191,5,2.45
192,5,2.30
193,5,2.25
194,5,2.10
195,5,6.15
196,5,4.20
197,5,4.60
198,5,4.70
199,5,4.25
200,5,4.60
201,5,3.55
202,5,3.70
203,5,6.20
204,5,3.85
205,5,3.10
206,5,2.75
207,5,2.65
208,5,2.55
209,5,2.45
210,5,2.45
211,5,2.40
212,5,2.30
213,5,2.25
214,5,2.25
215,5,2.25
216,5,2.15
217,5,2.05
218,5,1.90
219,5,1.05
220,5,1.90
221,5,2.05
222,5,2.30
223,5,2.50
224,5,1.05
225,5,1.05
226,5,3.70
227,5,3.40
228,5,3.45
229,5,3.30
230,5,3.10
231,5,3.00
232,5,2.80
233,5,2.60
234,5,2.30
235,5,2.35
236,5,3.20
237,5,3.20
238,5,3.20
239,5,3.20
240,5,3.25
241,5,3.25
242,5,3.35
243,5,3.40
244,5,3.45
245,5,5.25
246,5,2.75
247,5,3.15
248,5,3.25
249,5,3.75
250,5,4.10
251,5,2.85
252,5,3.00
253,5,5.50
254,5,3.15
255,5,2.75
256,5,3.10
257,5,1.05
258,5,1.05
259,5,1.05
260,5,1.05
261,5,1.05
262,5,1.45
263,5,1.55
264,5,1.55
265,5,1.55
266,5,1.70
267,5,1.85
268,5,2.00
269,5,2.10
270,5,2.25
271,5,2.40
272,5,2.70
273,5,2.85
274,5,2.25
275,5,2.85
276,5,2.90
277,5,2.60
278,5,2.75
279,5,2.50
280,5,2.30
281,5,2.20
282,5,2.00
283,5,1.80
284,5,1.45
285,5,1.65
286,5,2.50
287,5,2.50
288,5,2.50
289,5,2.50
290,5,2.55
291,5,2.60
292,5,2.65
293,5,2.70
294,5,2.75
295,5,5.05
296,5,3.10
297,5,3.50
298,5,3.65
299,5,3.00
300,5,3.30
301,5,2.75
302,5,2.85
303,5,5.35
304,5,3.05
305,5,2.65
306,5,1.05
307,5,3.10
308,5,1.05
309,5,1.05
310,5,1.05
311,5,1.05
312,5,1.25
313,5,1.35
314,5,1.35
315,5,1.35
316,5,1.60
317,5,1.70
318,5,1.90
319,5,2.00
320,5,2.15
321,5,2.30
322,5,2.55
323,5,2.75
324,5,2.15
325,5,2.75
326,5,2.80
327,5,2.50
328,5,2.65
329,5,2.40
330,5,2.15
331,5,2.10
332,5,1.90
333,5,1.70
334,5,1.30
335,5,1.45
336,5,2.40
337,5,2.40
338,5,2.40
339,5,2.40
340,5,2.45
341,5,2.45
342,5,2.55
343,5,2.60
344,5,2.65
345,5,4.95
346,5,3.00
347,5,3.40
348,5,3.50
349,5,2.85
350,5,3.20
351,5,2.65
352,5,2.80
353,5,5.30
354,5,2.95
355,5,2.55
356,5,1.05
357,5,1.05
358,5,3.10
359,5,1.05
360,5,1.05
361,5,1.05
362,5,1.10
363,5,1.20
364,5,1.20
365,5,1.20
366,5,1.45
367,5,1.65
368,5,1.80
369,5,1.90
370,5,2.05
371,5,2.20
372,5,2.50
373,5,2.65
374,5,2.05
375,5,2.65
376,5,2.70
377,5,2.40
378,5,2.55
379,5,2.30
380,5,2.10
381,5,2.00
382,5,1.80
383,5,1.55
384,5,1.15
385,5,1.30
386,5,2.30
387,5,2.30
388,5,2.30
389,5,2.30
390,5,2.35
391,5,2.35
392,5,2.45
393,5,2.50
394,5,2.55
395,5,4.85
396,5,2.90
397,5,3.30
398,5,3.40
399,5,2.80
400,5,3.10
401,5,2.55
402,5,2.70
403,5,5.20
404,5,2.85
405,5,2.45
406,5,1.05
407,5,1.05
408,5,1.05
409,5,3.10
410,5,1.05
411,5,1.05
412,5,1.05
413,5,1.05
414,5,1.05
415,5,1.05
416,5,1.30
417,5,1.45
418,5,1.70
419,5,1.80
420,5,1.95
421,5,2.10
422,5,2.40
423,5,2.55
424,5,1.95
425,5,2.55
426,5,2.60
427,5,2.30
428,5,2.45
429,5,2.20
430,5,2.00
431,5,1.90
432,5,1.70
433,5,1.40
434,5,1.05
435,5,1.15
436,5,2.20
437,5,2.20
438,5,2.20
439,5,2.20
440,5,2.25
441,5,2.25
442,5,2.35
443,5,2.40
444,5,2.45
445,5,4.70
446,5,2.80
447,5,3.20
448,5,3.30
449,5,2.70
450,5,3.00
451,5,2.50
452,5,2.65
453,5,5.15
454,5,2.85
455,5,2.45
456,5,1.05
457,5,1.05
458,5,1.05
459,5,1.05
460,5,3.10
461,5,1.05
462,5,1.05
463,5,1.05
464,5,1.05
465,5,1.05
466,5,1.20
467,5,1.40
468,5,1.65
469,5,1.80
470,5,1.95
471,5,2.10
472,5,2.35
473,5,2.55
474,5,1.95
475,5,2.55
476,5,2.55
477,5,2.30
478,5,2.40
479,5,2.15
480,5,1.95
481,5,1.85
482,5,1.65
483,5,1.35
484,5,1.05
485,5,1.05
486,5,2.15
487,5,2.15
488,5,2.15
489,5,2.15
490,5,2.20
491,5,2.25
492,5,2.30
493,5,2.35
494,5,2.40
495,5,4.65
496,5,2.80
497,5,3.15
498,5,3.30
499,5,2.65
500,5,3.00
501,5,2.45
502,5,2.60
503,5,5.10
504,5,2.80
505,5,2.40
506,5,1.05
507,5,1.05
508,5,1.05
509,5,1.05
510,5,1.05
511,5,3.10
512,5,1.05
513,5,1.05
514,5,1.05
515,5,1.05
516,5,1.15
517,5,1.30
518,5,1.55
519,5,1.75
520,5,1.90
521,5,2.05
522,5,2.30
523,5,2.50
524,5,1.90
525,5,2.50
526,5,2.55
527,5,2.25
528,5,2.35
529,5,2.15
530,5,1.95
531,5,1.85
532,5,1.60
533,5,1.25
534,5,1.05
535,5,1.05
536,5,2.05
537,5,2.05
538,5,2.05
539,5,2.05
540,5,2.15
541,5,2.20
542,5,2.25
543,5,2.30
544,5,2.40
545,5,4.55
546,5,2.75
547,5,3.10
548,5,3.25
549,5,2.65
550,5,2.95
551,5,2.40
552,5,2.55
553,5,5.05
554,5,2.70
555,5,2.30
556,5,1.45
557,5,1.25
558,5,1.10
559,5,1.05
560,5,1.05
561,5,1.05
562,5,3.10
563,5,1.05
564,5,1.05
565,5,1.05
566,5,1.05
567,5,1.20
568,5,1.45
569,5,1.65
570,5,1.80
571,5,2.00
572,5,2.25
573,5,2.40
574,5,1.80
575,5,2.40
576,5,2.55
577,5,2.25
578,5,2.30
579,5,2.15
580,5,1.95
581,5,1.85
582,5,1.55
583,5,1.05
584,5,1.05
585,5,1.05
586,5,1.95
587,5,1.95
588,5,1.95
589,5,1.95
590,5,2.05
591,5,2.10
592,5,2.20
593,5,2.25
594,5,2.30
595,5,4.45
596,5,2.65
597,5,3.05
598,5,3.20
599,5,2.65
600,5,2.95
601,5,2.35
602,5,2.50
603,5,5.00
604,5,2.65
605,5,2.25
606,5,1.55
607,5,1.35
608,5,1.20
609,5,1.05
610,5,1.05
611,5,1.05
612,5,1.05
613,5,3.10
614,5,1.05
615,5,1.05
616,5,1.05
617,5,1.05
618,5,1.35
619,5,1.55
620,5,1.75
621,5,1.95
622,5,2.20
623,5,2.40
624,5,1.75
625,5,2.35
626,5,2.55
627,5,2.30
628,5,2.25
629,5,2.15
630,5,1.95
631,5,1.85
632,5,1.65
633,5,1.30
634,5,1.05
635,5,1.05
636,5,1.85
637,5,1.85
638,5,1.85
639,5,1.85
640,5,1.95
641,5,2.00
642,5,2.15
643,5,2.20
644,5,2.25
645,5,4.30
646,5,2.60
647,5,3.00
648,5,3.15
649,5,2.65
650,5,3.00
651,5,2.35
652,5,2.50
653,5,5.00
654,5,2.65
655,5,2.25
656,5,1.55
657,5,1.35
658,5,1.20
659,5,1.05
660,5,1.05
661,5,1.05
662,5,1.05
663,5,1.05
664,5,3.10
665,5,1.05
666,5,1.05
667,5,1.05
668,5,1.35
669,5,1.55
670,5,1.75
671,5,1.95
672,5,2.20
673,5,2.40
674,5,1.75
675,5,2.35
676,5,2.55
677,5,2.30
678,5,2.25
679,5,2.15
680,5,1.95
681,5,1.85
682,5,1.65
683,5,1.30
684,5,1.05
685,5,1.05
686,5,1.85
687,5,1.85
688,5,1.85
689,5,1.85
690,5,1.95
691,5,2.00
692,5,2.15
693,5,2.20
694,5,2.25
695,5,4.30
696,5,2.60
697,5,3.00
698,5,3.15
699,5,2.65
700,5,3.00
701,5,2.35
702,5,2.50
703,5,5.00
704,5,2.65
705,5,2.25
706,5,1.55
707,5,1.35
708,5,1.20
709,5,1.05
710,5,1.05
711,5,1.05
712,5,1.05
713,5,1.05
714,5,1.05
715,5,3.10
716,5,1.05
717,5,1.05
718,5,1.35
719,5,1.55
720,5,1.75
721,5,1.95
722,5,2.20
723,5,2.40
724,5,1.75
725,5,2.35
726,5,2.55
727,5,2.30
728,5,2.25
729,5,2.15
730,5,1.95
731,5,1.85
732,5,1.65
733,5,1.30
734,5,1.05
735,5,1.05
736,5,1.85
737,5,1.85
738,5,1.85
739,5,1.85
740,5,1.95
741,5,2.00
742,5,2.15
743,5,2.20
744,5,2.25
745,5,4.30
746,5,2.60
747,5,3.00
748,5,3.15
749,5,2.65
750,5,3.00
751,5,2.50
752,5,2.65
753,5,5.15
754,5,2.80
755,5,2.15
756,5,1.70
757,5,1.60
758,5,1.45
759,5,1.30
760,5,1.20
761,5,1.15
762,5,1.05
763,5,1.05
764,5,1.05
765,5,1.05
766,5,3.10
767,5,1.05
768,5,1.05
769,5,1.30
770,5,1.55
771,5,1.80
772,5,2.05
773,5,2.25
774,5,1.55
775,5,2.20
776,5,2.65
777,5,2.35
778,5,2.40
779,5,2.25
780,5,2.05
781,5,1.95
782,5,1.75
783,5,1.45
784,5,1.05
785,5,1.05
786,5,2.10
787,5,2.10
788,5,2.10
789,5,2.10
790,5,2.20
791,5,2.25
792,5,2.30
793,5,2.35
794,5,2.40
795,5,4.30
796,5,2.45
797,5,2.85
798,5,3.00
799,5,2.75
800,5,3.05
801,5,2.60
802,5,2.75
803,5,5.25
804,5,2.90
805,5,2.05
806,5,1.85
807,5,1.70
808,5,1.65
809,5,1.45
810,5,1.40
811,5,1.30
812,5,1.20
813,5,1.05
814,5,1.05
815,5,1.05
816,5,1.05
817,5,3.10
818,5,1.05
819,5,1.05
820,5,1.35
821,5,1.60
822,5,1.95
823,5,2.15
824,5,1.35
825,5,2.10
826,5,2.75
827,5,2.45
828,5,2.50
829,5,2.35
830,5,2.15
831,5,2.05
832,5,1.85
833,5,1.65
834,5,1.20
835,5,1.15
836,5,2.25
837,5,2.25
838,5,2.25
839,5,2.25
840,5,2.30
841,5,2.35
842,5,2.40
843,5,2.45
844,5,2.50
845,5,3.25
846,5,2.35
847,5,2.75
848,5,2.90
849,5,2.85
850,5,3.15
851,5,2.75
852,5,2.90
853,5,5.40
854,5,3.10
855,5,1.90
856,5,2.00
857,5,1.90
858,5,1.80
859,5,1.70
860,5,1.65
861,5,1.55
862,5,1.45
863,5,1.35
864,5,1.35
865,5,1.35
866,5,1.05
867,5,1.05
868,5,3.10
869,5,1.05
870,5,1.05
871,5,1.35
872,5,1.75
873,5,1.95
874,5,1.05
875,5,1.95
876,5,2.90
877,5,2.60
878,5,2.65
879,5,2.50
880,5,2.30
881,5,2.20
882,5,2.05
883,5,1.80
884,5,1.45
885,5,1.40
886,5,2.45
887,5,2.45
888,5,2.45
889,5,2.45
890,5,2.45
891,5,2.50
892,5,2.55
893,5,2.60
894,5,2.65
895,5,4.30
896,5,2.20
897,5,2.60
898,5,2.75
899,5,3.00
900,5,3.35
901,5,2.90
902,5,3.05
903,5,5.55
904,5,3.20
905,5,1.05
906,5,2.10
907,5,2.00
908,5,1.90
909,5,1.80
910,5,1.80
911,5,1.75
912,5,1.65
913,5,1.55
914,5,1.55
915,5,1.55
916,5,1.30
917,5,1.05
918,5,1.05
919,5,3.10
920,5,1.05
921,5,1.05
922,5,1.05
923,5,1.05
924,5,1.05
925,5,1.05
926,5,3.05
927,5,2.75
928,5,2.80
929,5,2.65
930,5,2.40
931,5,2.35
932,5,2.15
933,5,1.95
934,5,1.65
935,5,1.65
936,5,2.55
937,5,2.55
938,5,2.55
939,5,2.55
940,5,2.60
941,5,2.60
942,5,2.70
943,5,2.75
944,5,2.80
945,5,4.30
946,5,2.10
947,5,2.45
948,5,2.60
949,5,3.10
950,5,3.45
951,5,3.05
952,5,3.20
953,5,5.70
954,5,3.35
955,5,1.90
956,5,2.25
957,5,2.15
958,5,2.05
959,5,1.95
960,5,1.95
961,5,1.90
962,5,1.80
963,5,1.75
964,5,1.75
965,5,1.75
966,5,1.55
967,5,1.35
968,5,1.05
969,5,1.05
970,5,3.10
971,5,1.05
972,5,1.05
973,5,1.05
974,5,1.05
975,5,2.00
976,5,3.20
977,5,2.90
978,5,2.95
979,5,2.80
980,5,2.60
981,5,2.50
982,5,2.30
983,5,2.10
984,5,1.80
985,5,1.80
986,5,2.70
987,5,2.70
988,5,2.70
989,5,2.70
990,5,2.75
991,5,2.75
992,5,2.85
993,5,2.90
994,5,2.95
995,5,4.60
996,5,1.95
997,5,2.30
998,5,2.45
999,5,3.25
1000,5,3.60
1001,5,3.20
1002,5,3.35
1003,5,5.85
1004,5,3.50
1005,5,2.05
1006,5,2.40
1007,5,2.30
1008,5,2.20
1009,5,2.10
1010,5,2.10
1011,5,2.05
1012,5,2.00
1013,5,1.95
1014,5,1.95
1015,5,1.95
1016,5,1.80
1017,5,1.60
1018,5,1.35
1019,5,1.05
1020,5,1.05
1021,5,3.10
1022,5,1.05
1023,5,1.05
1024,5,1.40
1025,5,2.15
1026,5,3.35
1027,5,3.05
1028,5,3.10
1029,5,2.95
1030,5,2.75
1031,5,2.65
1032,5,2.45
1033,5,2.25
1034,5,2.00
1035,5,2.00
1036,5,2.85
1037,5,2.85
1038,5,2.85
1039,5,2.85
1040,5,2.90
1041,5,2.95
1042,5,3.00
1043,5,3.05
1044,5,3.10
1045,5,4.85
1046,5,1.05
1047,5,2.15
1048,5,2.30
1049,5,3.45
1050,5,3.75
1051,5,3.45
1052,5,3.60
1053,5,6.10
1054,5,3.80
1055,5,2.30
1056,5,2.70
1057,5,2.55
1058,5,2.50
1059,5,2.40
1060,5,2.35
1061,5,2.30
1062,5,2.25
1063,5,2.20
1064,5,2.20
1065,5,2.20
1066,5,2.05
1067,5,1.95
1068,5,1.75
1069,5,1.05
1070,5,1.05
1071,5,1.05
1072,5,3.10
1073,5,1.05
1074,5,1.80
1075,5,2.40
1076,5,3.60
1077,5,3.35
1078,5,3.35
1079,5,3.20
1080,5,3.00
1081,5,2.90
1082,5,2.70
1083,5,2.50
1084,5,2.25
1085,5,2.25
1086,5,3.10
1087,5,3.10
1088,5,3.10
1089,5,3.10
1090,5,3.15
1091,5,3.20
1092,5,3.25
1093,5,3.30
1094,5,3.40
1095,5,5.20
1096,5,1.05
1097,5,1.90
1098,5,2.05
1099,5,3.70
1100,5,4.05
1101,5,3.65
1102,5,3.80
1103,5,6.30
1104,5,3.95
1105,5,2.50
1106,5,2.85
1107,5,2.75
1108,5,2.65
1109,5,2.55
1110,5,2.55
1111,5,2.50
1112,5,2.40
1113,5,2.40
1114,5,2.40
1115,5,2.40
1116,5,2.25
1117,5,2.15
1118,5,1.95
1119,5,1.05
1120,5,1.05
1121,5,1.05
1122,5,1.05
1123,5,3.10
1124,5,2.00
1125,5,2.60
1126,5,3.80
1127,5,3.50
1128,5,3.55
1129,5,3.40
1130,5,3.20
1131,5,3.10
1132,5,2.90
1133,5,2.70
1134,5,2.40
1135,5,2.45
1136,5,3.30
1137,5,3.30
1138,5,3.30
1139,5,3.30
1140,5,3.35
1141,5,3.35
1142,5,3.45
1143,5,3.50
1144,5,3.55
1145,5,5.35
1146,5,1.05
1147,5,1.65
1148,5,1.85
1149,5,3.85
1150,5,4.20
1151,5,3.05
1152,5,3.20
1153,5,5.70
1154,5,3.35
1155,5,1.05
1156,5,2.25
1157,5,2.15
1158,5,2.05
1159,5,1.95
1160,5,1.95
1161,5,1.90
1162,5,1.80
1163,5,1.75
1164,5,1.75
1165,5,1.75
1166,5,1.55
1167,5,1.35
1168,5,1.05
1169,5,1.05
1170,5,1.05
1171,5,1.40
1172,5,1.80
1173,5,2.00
1174,5,3.10
1175,5,1.05
1176,5,3.20
1177,5,2.90
1178,5,2.95
1179,5,2.80
1180,5,2.55
1181,5,2.50
1182,5,2.30
1183,5,2.10
1184,5,1.80
1185,5,1.80
1186,5,2.70
1187,5,2.70
1188,5,2.70
1189,5,2.70
1190,5,2.75
1191,5,2.75
1192,5,2.85
1193,5,2.90
1194,5,2.95
1195,5,4.60
1196,5,2.25
1197,5,2.60
1198,5,2.75
1199,5,3.25
1200,5,3.60
1201,5,3.65
1202,5,3.75
1203,5,6.25
1204,5,3.95
1205,5,1.05
1206,5,2.85
1207,5,2.75
1208,5,2.65
1209,5,2.55
1210,5,2.55
1211,5,2.50
1212,5,2.40
1213,5,2.35
1214,5,2.35
1215,5,2.35
1216,5,2.20
1217,5,2.10
1218,5,1.95
1219,5,1.05
1220,5,2.00
1221,5,2.15
1222,5,2.40
1223,5,2.60
1224,5,1.05
1225,5,3.10
1226,5,3.80
1227,5,3.50
1228,5,3.55
1229,5,3.40
1230,5,3.15
1231,5,3.10
1232,5,2.90
1233,5,2.70
1234,5,2.40
1235,5,2.40
1236,5,3.30
1237,5,3.30
1238,5,3.30
1239,5,3.30
1240,5,3.35
1241,5,3.35
1242,5,3.45
1243,5,3.50
1244,5,3.55
1245,5,5.35
1246,5,2.85
1247,5,3.20
1248,5,3.35
1249,5,3.85
1250,5,4.20
1251,5,3.85
1252,5,4.00
1253,5,6.50
1254,5,4.15
1255,5,3.70
1256,5,2.90
1257,5,2.80
1258,5,2.70
1259,5,2.60
1260,5,2.55
1261,5,2.55
1262,5,2.55
1263,5,2.55
1264,5,2.55
1265,5,2.55
1266,5,2.65
1267,5,2.75
1268,5,2.90
1269,5,3.05
1270,5,3.20
1271,5,3.35
1272,5,3.60
1273,5,3.80
1274,5,3.20
1275,5,3.80
1276,5,3.10
1277,5,1.05
1278,5,3.75
1279,5,1.05
1280,5,1.05
1281,5,1.05
1282,5,1.95
1283,5,2.15
1284,5,2.45
1285,5,2.65
1286,5,3.50
1287,5,3.50
1288,5,3.50
1289,5,3.50
1290,5,3.55
1291,5,3.60
1292,5,3.65
1293,5,3.70
1294,5,3.75
1295,5,6.00
1296,5,4.00
1297,5,4.40
1298,5,4.55
1299,5,1.05
1300,5,1.05
1301,5,3.60
1302,5,3.70
1303,5,6.20
1304,5,3.90
1305,5,3.40
1306,5,2.60
1307,5,2.50
1308,5,2.40
1309,5,2.30
1310,5,2.30
1311,5,2.25
1312,5,2.25
1313,5,2.30
1314,5,2.30
1315,5,2.30
1316,5,2.35
1317,5,2.45
1318,5,2.60
1319,5,2.75
1320,5,2.90
1321,5,3.05
1322,5,3.35
1323,5,3.50
1324,5,2.90
1325,5,3.50
1326,5,1.05
1327,5,3.10
1328,5,3.50
1329,5,1.05
1330,5,1.05
1331,5,1.05
1332,5,1.65
1333,5,1.90
1334,5,2.20
1335,5,2.35
1336,5,3.25
1337,5,3.25
1338,5,3.25
1339,5,3.25
1340,5,3.30
1341,5,3.30
1342,5,3.40
1343,5,3.40
1344,5,3.50
1345,5,5.70
1346,5,3.75
1347,5,4.15
1348,5,4.25
1349,5,1.05
1350,5,1.80
1351,5,1.70
1352,5,1.70
1353,5,4.30
1354,5,2.00
1355,5,3.45
1356,5,2.75
1357,5,2.65
1358,5,2.55
1359,5,2.45
1360,5,2.40
1361,5,2.35
1362,5,2.30
1363,5,2.25
1364,5,2.25
1365,5,2.25
1366,5,2.40
1367,5,2.50
1368,5,2.65
1369,5,2.80
1370,5,2.95
1371,5,3.10
1372,5,3.35
1373,5,3.55
1374,5,2.95
1375,5,3.55
1376,5,3.75
1377,5,3.50
1378,5,3.10
1379,5,3.35
1380,5,3.15
1381,5,3.05
1382,5,2.85
1383,5,2.65
1384,5,2.35
1385,5,2.20
1386,5,1.95
1387,5,1.95
1388,5,1.95
1389,5,1.95
1390,5,1.85
1391,5,1.80
1392,5,1.70
1393,5,1.70
1394,5,1.70
1395,5,5.75
1396,5,3.80
1397,5,4.15
1398,5,4.30
1399,5,3.85
1400,5,4.20
1401,5,3.45
1402,5,3.60
1403,5,6.10
1404,5,3.80
1405,5,3.30
1406,5,2.50
1407,5,2.40
1408,5,2.30
1409,5,2.20
1410,5,2.15
1411,5,2.15
1412,5,2.15
1413,5,2.15
1414,5,2.15
1415,5,2.15
1416,5,2.25
1417,5,2.35
1418,5,2.50
1419,5,2.65
1420,5,2.80
1421,5,2.95
1422,5,3.20
1423,5,3.40
1424,5,2.80
1425,5,3.40
1426,5,1.05
1427,5,1.05
1428,5,3.35
1429,5,3.10
1430,5,1.05
1431,5,1.05
1432,5,1.05
1433,5,1.05
1434,5,2.10
1435,5,2.25
1436,5,3.15
1437,5,3.15
1438,5,3.15
1439,5,3.15
1440,5,3.15
1441,5,3.20
1442,5,3.30
1443,5,3.30
1444,5,3.40
1445,5,5.60
1446,5,3.65
1447,5,4.00
1448,5,4.15
1449,5,1.05
1450,5,1.90
1451,5,3.25
1452,5,3.40
1453,5,5.90
1454,5,3.55
1455,5,3.10
1456,5,2.30
1457,5,2.15
1458,5,2.10
1459,5,2.00
1460,5,1.95
1461,5,1.95
1462,5,1.95
1463,5,1.95
1464,5,1.95
1465,5,1.95
1466,5,2.05
1467,5,2.15
1468,5,2.30
1469,5,2.40
1470,5,2.60
1471,5,2.75
1472,5,3.00
1473,5,3.20
1474,5,2.55
1475,5,3.15
1476,5,1.05
1477,5,1.05
1478,5,3.15
1479,5,1.05
1480,5,3.10
1481,5,1.05
1482,5,1.05
1483,5,1.05
1484,5,1.85
1485,5,2.05
1486,5,2.90
1487,5,2.90
1488,5,2.90
1489,5,2.90
1490,5,2.95
1491,5,3.00
1492,5,3.05
1493,5,3.10
1494,5,3.15
1495,5,5.40
1496,5,3.40
1497,5,3.80
1498,5,3.95
1499,5,1.80
1500,5,2.10
1501,5,3.15
1502,5,3.30
1503,5,5.80
1504,5,3.50
1505,5,3.00
1506,5,2.20
1507,5,2.10
1508,5,2.00
1509,5,1.90
1510,5,1.85
1511,5,1.85
1512,5,1.85
1513,5,1.85
1514,5,1.85
1515,5,1.85
1516,5,1.95
1517,5,2.05
1518,5,2.20
1519,5,2.35
1520,5,2.50
1521,5,2.65
1522,5,2.90
1523,5,3.10
1524,5,2.50
1525,5,3.10
1526,5,1.05
1527,5,1.05
1528,5,3.05
1529,5,1.05
1530,5,1.05
1531,5,3.10
1532,5,1.05
1533,5,1.05
1534,5,1.70
1535,5,1.95
1536,5,2.85
1537,5,2.85
1538,5,2.85
1539,5,2.85
1540,5,2.85
1541,5,2.90
1542,5,2.95
1543,5,3.00
1544,5,3.10
1545,5,5.30
1546,5,3.35
1547,5,3.70
1548,5,3.85
1549,5,1.85
1550,5,2.20
1551,5,2.95
1552,5,3.10
1553,5,5.60
1554,5,3.30
1555,5,2.80
1556,5,2.00
1557,5,1.90
1558,5,1.80
1559,5,1.70
1560,5,1.65
1561,5,1.60
1562,5,1.55
1563,5,1.65
1564,5,1.65
1565,5,1.65
1566,5,1.75
1567,5,1.85
1568,5,2.05
1569,5,2.15
1570,5,2.30
1571,5,2.45
1572,5,2.70
1573,5,2.90
1574,5,2.30
1575,5,2.90
1576,5,1.95
1577,5,1.65
1578,5,2.85
1579,5,1.05
1580,5,1.05
1581,5,1.05
1582,5,3.10
1583,5,1.05
1584,5,1.45
1585,5,1.75
1586,5,2.65
1587,5,2.65
1588,5,2.65
1589,5,2.65
1590,5,2.65
1591,5,2.70
1592,5,2.80
1593,5,2.80
1594,5,2.90
1595,5,5.10
1596,5,3.15
1597,5,3.55
1598,5,3.65
1599,5,2.05
1600,5,2.40
1601,5,2.75
1602,5,2.90
1603,5,5.40
1604,5,3.10
1605,5,2.60
1606,5,1.80
1607,5,1.70
1608,5,1.55
1609,5,1.40
1610,5,1.35
1611,5,1.25
1612,5,1.05
1613,5,1.30
1614,5,1.30
1615,5,1.30
1616,5,1.45
1617,5,1.65
1618,5,1.80
1619,5,1.95
1620,5,2.10
1621,5,2.25
1622,5,2.50
1623,5,2.70
1624,5,2.10
1625,5,2.70
1626,5,2.15
1627,5,1.90
1628,5,2.65
1629,5,1.05
1630,5,1.05
1631,5,1.05
1632,5,1.05
1633,5,3.10
1634,5,1.05
1635,5,1.40
1636,5,2.45
1637,5,2.45
1638,5,2.45
1639,5,2.45
1640,5,2.45
1641,5,2.50
1642,5,2.55
1643,5,2.60
1644,5,2.70
1645,5,4.90
1646,5,2.95
1647,5,3.30
1648,5,3.45
1649,5,2.25
1650,5,2.60
1651,5,2.45
1652,5,2.60
1653,5,5.10
1654,5,2.80
1655,5,2.30
1656,5,1.45
1657,5,1.30
1658,5,1.15
1659,5,1.05
1660,5,1.05
1661,5,1.05
1662,5,1.05
1663,5,1.05
1664,5,1.05
1665,5,1.05
1666,5,1.05
1667,5,1.20
1668,5,1.45
1669,5,1.65
1670,5,1.80
1671,5,2.00
1672,5,2.25
1673,5,2.40
1674,5,1.80
1675,5,2.40
1676,5,2.45
1677,5,2.20
1678,5,2.35
1679,5,2.10
1680,5,1.85
1681,5,1.70
1682,5,1.45
1683,5,1.05
1684,5,3.10
1685,5,1.05
1686,5,2.05
1687,5,2.05
1688,5,2.05
1689,5,2.05
1690,5,2.15
1691,5,2.20
1692,5,2.25
1693,5,2.30
1694,5,2.40
1695,5,4.45
1696,5,2.65
1697,5,3.05
1698,5,3.20
1699,5,2.55
1700,5,2.90
1701,5,2.30
1702,5,2.45
1703,5,4.95
1704,5,2.60
1705,5,2.35
1706,5,1.65
1707,5,1.45
1708,5,1.30
1709,5,1.15
1710,5,1.05
1711,5,1.05
1712,5,1.05
1713,5,1.05
1714,5,1.05
1715,5,1.05
1716,5,1.05
1717,5,1.15
1718,5,1.40
1719,5,1.65
1720,5,1.80
1721,5,2.00
1722,5,2.25
1723,5,2.45
1724,5,1.80
1725,5,2.40
1726,5,2.65
1727,5,2.35
1728,5,2.20
1729,5,2.25
1730,5,2.05
1731,5,1.95
1732,5,1.75
1733,5,1.40
1734,5,1.05
1735,5,3.10
1736,5,1.70
1737,5,1.70
1738,5,1.70
1739,5,1.70
1740,5,1.85
1741,5,1.90
1742,5,2.05
1743,5,2.10
1744,5,2.20
1745,5,4.40
1746,5,2.65
1747,5,3.05
1748,5,3.20
1749,5,2.70
1750,5,3.05
1751,5,2.10
1752,5,2.30
1753,5,4.80
1754,5,2.50
1755,5,3.20
1756,5,2.50
1757,5,2.40
1758,5,2.30
1759,5,2.20
1760,5,2.15
1761,5,2.05
1762,5,1.95
1763,5,1.85
1764,5,1.85
1765,5,1.85
1766,5,2.10
1767,5,2.25
1768,5,2.45
1769,5,2.55
1770,5,2.70
1771,5,2.85
1772,5,3.10
1773,5,3.30
1774,5,2.70
1775,5,3.30
1776,5,3.50
1777,5,3.25
1778,5,1.95
1779,5,3.15
1780,5,2.90
1781,5,2.85
1782,5,2.65
1783,5,2.45
1784,5,2.05
1785,5,1.70
1786,5,3.10
1787,5,1.05
1788,5,1.05
1789,5,1.05
1790,5,1.05
1791,5,1.05
1792,5,1.05
1793,5,1.05
1794,5,1.75
1795,5,5.50
1796,5,3.55
1797,5,3.95
1798,5,4.05
1799,5,3.60
1800,5,3.95
1801,5,2.10
1802,5,2.30
1803,5,4.80
1804,5,2.50
1805,5,3.20
1806,5,2.50
1807,5,2.40
1808,5,2.30
1809,5,2.20
1810,5,2.15
1811,5,2.05
1812,5,1.95
1813,5,1.85
1814,5,1.85
1815,5,1.85
1816,5,2.10
1817,5,2.25
1818,5,2.45
1819,5,2.55
1820,5,2.70
1821,5,2.85
1822,5,3.10
1823,5,3.30
1824,5,2.70
1825,5,3.30
1826,5,3.50
1827,5,3.25
1828,5,1.95
1829,5,3.15
1830,5,2.90
1831,5,2.85
1832,5,2.65
1833,5,2.45
1834,5,2.05
1835,5,1.70
1836,5,1.05
1837,5,3.10
1838,5,1.05
1839,5,1.05
1840,5,1.05
1841,5,1.05
1842,5,1.05
1843,5,1.05
1844,5,1.75
1845,5,5.50
1846,5,3.55
1847,5,3.95
1848,5,4.05
1849,5,3.60
1850,5,3.95
1851,5,2.10
1852,5,2.30
1853,5,4.80
1854,5,2.50
1855,5,3.20
1856,5,2.50
1857,5,2.40
1858,5,2.30
1859,5,2.20
1860,5,2.15
1861,5,2.05
1862,5,1.95
1863,5,1.85
1864,5,1.85
1865,5,1.85
1866,5,2.10
1867,5,2.25
1868,5,2.45
1869,5,2.55
1870,5,2.70
1871,5,2.85
1872,5,3.10
1873,5,3.30
1874,5,2.70
1875,5,3.30
1876,5,3.50
1877,5,3.25
1878,5,1.95
1879,5,3.15
1880,5,2.90
1881,5,2.85
1882,5,2.65
1883,5,2.45
1884,5,2.05
1885,5,1.70
1886,5,1.05
1887,5,1.05
1888,5,3.10
1889,5,1.05
1890,5,1.05
1891,5,1.05
1892,5,1.05
1893,5,1.05
1894,5,1.75
1895,5,5.50
1896,5,3.55
1897,5,3.95
1898,5,4.05
1899,5,3.60
1900,5,3.95
1901,5,2.10
1902,5,2.30
1903,5,4.80
1904,5,2.50
1905,5,3.20
1906,5,2.50
1907,5,2.40
1908,5,2.30
1909,5,2.20
1910,5,2.15
1911,5,2.05
1912,5,1.95
1913,5,1.85
1914,5,1.85
1915,5,1.85
1916,5,2.10
1917,5,2.25
1918,5,2.45
1919,5,2.55
1920,5,2.70
1921,5,2.85
1922,5,3.10
1923,5,3.30
1924,5,2.70
1925,5,3.30
1926,5,3.50
1927,5,3.25
1928,5,1.95
1929,5,3.15
1930,5,2.90
1931,5,2.85
1932,5,2.65
1933,5,2.45
1934,5,2.05
1935,5,1.70
1936,5,1.05
1937,5,1.05
1938,5,1.05
1939,5,3.10
1940,5,1.05
1941,5,1.05
1942,5,1.05
1943,5,1.05
1944,5,1.75
1945,5,5.50
1946,5,3.55
1947,5,3.95
1948,5,4.05
1949,5,3.60
1950,5,3.95
1951,5,2.00
1952,5,2.20
1953,5,4.80
1954,5,2.45
1955,5,3.25
1956,5,2.55
1957,5,2.45
1958,5,2.35
1959,5,2.25
1960,5,2.20
1961,5,2.15
1962,5,2.05
1963,5,1.95
1964,5,1.95
1965,5,1.95
1966,5,2.20
1967,5,2.30
1968,5,2.45
1969,5,2.60
1970,5,2.75
1971,5,2.90
1972,5,3.15
1973,5,3.35
1974,5,2.75
1975,5,3.35
1976,5,3.55
1977,5,3.30
1978,5,1.85
1979,5,3.15
1980,5,2.95
1981,5,2.85
1982,5,2.65
1983,5,2.45
1984,5,2.15
1985,5,1.85
1986,5,1.05
1987,5,1.05
1988,5,1.05
1989,5,1.05
1990,5,3.10
1991,5,1.05
1992,5,1.05
1993,5,1.05
1994,5,1.65
1995,5,5.55
1996,5,3.60
1997,5,3.95
1998,5,4.10
1999,5,3.65
2000,5,4.00
2001,5,1.95
2002,5,2.15
2003,5,4.75
2004,5,2.45
2005,5,3.25
2006,5,2.60
2007,5,2.45
2008,5,2.35
2009,5,2.25
2010,5,2.25
2011,5,2.20
2012,5,2.10
2013,5,2.00
2014,5,2.00
2015,5,2.00
2016,5,2.25
2017,5,2.35
2018,5,2.50
2019,5,2.60
2020,5,2.75
2021,5,2.95
2022,5,3.20
2023,5,3.35
2024,5,2.75
2025,5,3.35
2026,5,3.60
2027,5,3.30
2028,5,1.80
2029,5,3.20
2030,5,3.00
2031,5,2.90
2032,5,2.70
2033,5,2.50
2034,5,2.20
2035,5,1.90
2036,5,1.05
2037,5,1.05
2038,5,1.05
2039,5,1.05
2040,5,1.05
2041,5,3.10
2042,5,1.05
2043,5,1.05
2044,5,1.65
2045,5,5.60
2046,5,3.60
2047,5,4.00
2048,5,4.15
2049,5,3.65
2050,5,4.00
2051,5,1.80
2052,5,2.05
2053,5,4.60
2054,5,2.30
2055,5,3.35
2056,5,2.65
2057,5,2.55
2058,5,2.45
2059,5,2.35
2060,5,2.30
2061,5,2.25
2062,5,2.20
2063,5,2.15
2064,5,2.15
2065,5,2.15
2066,5,2.30
2067,5,2.40
2068,5,2.55
2069,5,2.70
2070,5,2.85
2071,5,3.00
2072,5,3.25
2073,5,3.45
2074,5,2.85
2075,5,3.45
2076,5,3.65
2077,5,3.40
2078,5,1.70
2079,5,3.30
2080,5,3.05
2081,5,2.95
2082,5,2.80
2083,5,2.55
2084,5,2.25
2085,5,2.05
2086,5,1.05
2087,5,1.05
2088,5,1.05
2089,5,1.05
2090,5,1.05
2091,5,1.05
2092,5,3.10
2093,5,1.05
2094,5,1.65
2095,5,5.65
2096,5,3.70
2097,5,4.10
2098,5,4.20
2099,5,3.75
2100,5,4.10
2101,5,1.70
2102,5,1.95
2103,5,4.55
2104,5,2.25
2105,5,3.40
2106,5,2.70
2107,5,2.60
2108,5,2.50
2109,5,2.40
2110,5,2.35
2111,5,2.30
2112,5,2.25
2113,5,2.20
2114,5,2.20
2115,5,2.20
2116,5,2.35
2117,5,2.45
2118,5,2.60
2119,5,2.75
2120,5,2.90
2121,5,3.05
2122,5,3.30
2123,5,3.50
2124,5,2.90
2125,5,3.50
2126,5,3.70
2127,5,3.40
2128,5,1.70
2129,5,3.30
2130,5,3.10
2131,5,3.00
2132,5,2.80
2133,5,2.60
2134,5,2.30
2135,5,2.10
2136,5,1.05
2137,5,1.05
2138,5,1.05
2139,5,1.05
2140,5,1.05
2141,5,1.05
2142,5,1.05
2143,5,3.10
2144,5,1.65
2145,5,5.70
2146,5,3.70
2147,5,4.10
2148,5,4.25
2149,5,3.80
2150,5,4.15
2151,5,1.70
2152,5,1.70
2153,5,4.40
2154,5,2.10
2155,5,3.45
2156,5,2.75
2157,5,2.65
2158,5,2.55
2159,5,2.45
2160,5,2.40
2161,5,2.40
2162,5,2.30
2163,5,2.25
2164,5,2.25
2165,5,2.25
2166,5,2.40
2167,5,2.50
2168,5,2.65
2169,5,2.80
2170,5,2.95
2171,5,3.10
2172,5,3.40
2173,5,3.55
2174,5,2.95
2175,5,3.55
2176,5,3.75
2177,5,3.50
2178,5,1.70
2179,5,3.40
2180,5,3.15
2181,5,3.10
2182,5,2.90
2183,5,2.70
2184,5,2.40
2185,5,2.20
2186,5,1.75
2187,5,1.75
2188,5,1.75
2189,5,1.75
2190,5,1.65
2191,5,1.65
2192,5,1.65
2193,5,1.65
2194,5,3.10
2195,5,5.75
2196,5,3.80
2197,5,4.20
2198,5,4.30
2199,5,3.85
2200,5,4.20
2201,5,5.85
2202,5,6.00
2203,5,8.50
2204,5,6.15
2205,5,5.25
2206,5,5.05
2207,5,4.95
2208,5,4.85
2209,5,4.70
2210,5,4.65
2211,5,4.55
2212,5,4.45
2213,5,4.30
2214,5,4.30
2215,5,4.30
2216,5,4.30
2217,5,3.25
2218,5,4.30
2219,5,4.30
2220,5,4.60
2221,5,4.85
2222,5,5.20
2223,5,5.35
2224,5,4.60
2225,5,5.35
2226,5,6.00
2227,5,5.70
2228,5,5.75
2229,5,5.60
2230,5,5.40
2231,5,5.30
2232,5,5.10
2233,5,4.90
2234,5,4.45
2235,5,4.40
2236,5,5.50
2237,5,5.50
2238,5,5.50
2239,5,5.50
2240,5,5.55
2241,5,5.60
2242,5,5.65
2243,5,5.70
2244,5,5.75
2245,5,3.10
2246,5,5.60
2247,5,6.00
2248,5,6.15
2249,5,6.10
2250,5,6.40
2251,5,3.90
2252,5,4.00
2253,5,6.50
2254,5,4.20
2255,5,2.75
2256,5,3.10
2257,5,3.00
2258,5,2.90
2259,5,2.80
2260,5,2.80
2261,5,2.75
2262,5,2.65
2263,5,2.60
2264,5,2.60
2265,5,2.60
2266,5,2.45
2267,5,2.35
2268,5,2.20
2269,5,2.10
2270,5,1.95
2271,5,1.05
2272,5,1.05
2273,5,1.05
2274,5,2.25
2275,5,2.85
2276,5,4.00
2277,5,3.75
2278,5,3.80
2279,5,3.65
2280,5,3.40
2281,5,3.35
2282,5,3.15
2283,5,2.95
2284,5,2.65
2285,5,2.65
2286,5,3.55
2287,5,3.55
2288,5,3.55
2289,5,3.55
2290,5,3.60
2291,5,3.60
2292,5,3.70
2293,5,3.70
2294,5,3.80
2295,5,5.60
2296,5,3.10
2297,5,1.25
2298,5,1.50
2299,5,4.10
2300,5,4.45
2301,5,4.25
2302,5,4.40
2303,5,6.90
2304,5,4.60
2305,5,3.15
2306,5,3.50
2307,5,3.40
2308,5,3.30
2309,5,3.20
2310,5,3.15
2311,5,3.10
2312,5,3.05
2313,5,3.00
2314,5,3.00
2315,5,3.00
2316,5,2.85
2317,5,2.75
2318,5,2.60
2319,5,2.45
2320,5,2.30
2321,5,2.15
2322,5,1.90
2323,5,1.65
2324,5,2.60
2325,5,3.20
2326,5,4.40
2327,5,4.15
2328,5,4.15
2329,5,4.00
2330,5,3.80
2331,5,3.70
2332,5,3.55
2333,5,3.30
2334,5,3.05
2335,5,3.05
2336,5,3.95
2337,5,3.95
2338,5,3.95
2339,5,3.95
2340,5,3.95
2341,5,4.00
2342,5,4.10
2343,5,4.10
2344,5,4.20
2345,5,6.00
2346,5,1.25
2347,5,3.10
2348,5,1.05
2349,5,4.50
2350,5,4.85
2351,5,4.40
2352,5,4.55
2353,5,7.05
2354,5,4.70
2355,5,3.25
2356,5,3.65
2357,5,3.50
2358,5,3.40
2359,5,3.30
2360,5,3.30
2361,5,3.25
2362,5,3.20
2363,5,3.15
2364,5,3.15
2365,5,3.15
2366,5,3.00
2367,5,2.90
2368,5,2.75
2369,5,2.60
2370,5,2.45
2371,5,2.30
2372,5,2.05
2373,5,1.85
2374,5,2.75
2375,5,3.35
2376,5,4.55
2377,5,4.25
2378,5,4.30
2379,5,4.15
2380,5,3.95
2381,5,3.85
2382,5,3.65
2383,5,3.45
2384,5,3.20
2385,5,3.20
2386,5,4.05
2387,5,4.05
2388,5,4.05
2389,5,4.05
2390,5,4.10
2391,5,4.15
2392,5,4.20
2393,5,4.25
2394,5,4.30
2395,5,6.15
2396,5,1.50
2397,5,1.05
2398,5,3.10
2399,5,4.65
2400,5,4.95
2401,5,3.95
2402,5,4.10
2403,5,6.60
2404,5,4.25
2405,5,3.75
2406,5,3.00
2407,5,2.85
2408,5,2.80
2409,5,2.70
2410,5,2.65
2411,5,2.65
2412,5,2.65
2413,5,2.65
2414,5,2.65
2415,5,2.65
2416,5,2.75
2417,5,2.85
2418,5,3.00
2419,5,3.10
2420,5,3.25
2421,5,3.45
2422,5,3.70
2423,5,3.85
2424,5,3.25
2425,5,3.85
2426,5,1.05
2427,5,1.05
2428,5,3.85
2429,5,1.05
2430,5,1.80
2431,5,1.85
2432,5,2.05
2433,5,2.25
2434,5,2.55
2435,5,2.70
2436,5,3.60
2437,5,3.60
2438,5,3.60
2439,5,3.60
2440,5,3.65
2441,5,3.65
2442,5,3.75
2443,5,3.80
2444,5,3.85
2445,5,6.10
2446,5,4.10
2447,5,4.50
2448,5,4.65
2449,5,3.10
2450,5,1.05
2451,5,4.30
2452,5,4.40
2453,5,6.90
2454,5,4.60
2455,5,4.10
2456,5,3.30
2457,5,3.20
2458,5,3.10
2459,5,3.00
2460,5,3.00
2461,5,2.95
2462,5,2.95
2463,5,3.00
2464,5,3.00
2465,5,3.00
2466,5,3.05
2467,5,3.15
2468,5,3.35
2469,5,3.45
2470,5,3.60
2471,5,3.75
2472,5,4.05
2473,5,4.20
2474,5,3.60
2475,5,4.20
2476,5,1.05
2477,5,1.80
2478,5,4.20
2479,5,1.90
2480,5,2.10
2481,5,2.20
2482,5,2.40
2483,5,2.60
2484,5,2.90
2485,5,3.05
2486,5,3.95
2487,5,3.95
2488,5,3.95
2489,5,3.95
2490,5,4.00
2491,5,4.00
2492,5,4.10
2493,5,4.15
2494,5,4.20
2495,5,6.40
2496,5,4.45
2497,5,4.85
2498,5,4.95
2499,5,1.05
2500,5,3.10
1,2,2.30
2,2,1.25
3,2,3.05
4,2,1.25
5,2,2.65
6,2,2.10
7,2,2.05
8,2,1.95
9,2,1.90
10,2,1.85
11,2,1.85
12,2,1.80
13,2,1.75
14,2,1.75
15,2,1.75
16,2,1.85
17,2,1.95
18,2,2.05
19,2,2.15
20,2,2.25
21,2,2.40
22,2,2.60
23,2,2.70
24,2,2.25
25,2,2.70
26,2,2.90
27,2,2.70
28,2,1.25
29,2,2.60
30,2,2.40
31,2,2.35
32,2,2.20
33,2,2.05
34,2,1.85
35,2,1.70
36,2,1.55
37,2,1.55
38,2,1.55
39,2,1.55
40,2,1.50
41,2,1.45
42,2,1.35
43,2,1.25
44,2,1.25
45,2,4.35
46,2,2.90
47,2,3.20
48,2,3.30
49,2,2.95
50,2,3.20
51,2,1.25
52,2,2.30
53,2,3.05
54,2,1.25
55,2,2.75
56,2,2.25
57,2,2.15
58,2,2.10
59,2,2.00
60,2,2.00
61,2,1.95
62,2,1.90
63,2,1.85
64,2,1.85
65,2,1.85
66,2,1.95
67,2,2.05
68,2,2.15
69,2,2.25
70,2,2.40
71,2,2.50
72,2,2.70
73,2,2.85
74,2,2.40
75,2,2.80
76,2,3.00
77,2,2.75
78,2,1.25
79,2,2.70
80,2,2.55
81,2,2.45
82,2,2.30
83,2,2.15
84,2,1.95
85,2,1.80
86,2,1.70
87,2,1.70
88,2,1.70
89,2,1.70
90,2,1.65
91,2,1.60
92,2,1.50
93,2,1.45
94,2,1.25
95,2,4.50
96,2,3.00
97,2,3.30
98,2,3.40
99,2,3.05
100,2,3.30
101,2,3.05
102,2,3.05
103,2,2.30
104,2,1.80
105,2,4.65
106,2,4.10
107,2,4.00
108,2,3.95
109,2,3.90
110,2,3.85
111,2,3.80
112,2,3.75
113,2,3.75
114,2,3.75
115,2,3.75
116,2,3.85
117,2,3.90
118,2,4.05
119,2,4.15
120,2,4.25
121,2,4.35
122,2,4.55
123,2,4.70
124,2,4.25
125,2,4.70
126,2,4.85
127,2,4.65
128,2,3.20
129,2,4.55
130,2,4.40
131,2,4.35
132,2,4.20
133,2,4.05
134,2,3.80
135,2,3.70
136,2,3.60
137,2,3.60
138,2,3.60
139,2,3.60
140,2,3.60
141,2,3.55
142,2,3.45
143,2,3.40
144,2,3.30
145,2,6.35
146,2,4.85
147,2,5.15
148,2,5.25
149,2,4.95
150,2,5.15
151,2,1.25
152,2,1.25
153,2,1.80
154,2,2.30
155,2,2.90
156,2,2.35
157,2,2.25
158,2,2.20
159,2,2.15
160,2,2.10
161,2,2.10
162,2,2.00
163,2,2.00
164,2,2.00
165,2,2.00
166,2,2.10
167,2,2.15
168,2,2.30
169,2,2.40
170,2,2.50
171,2,2.60
172,2,2.85
173,2,2.95
174,2,2.50
175,2,2.95
176,2,3.10
177,2,2.90
178,2,1.50
179,2,2.85
180,2,2.65
181,2,2.60
182,2,2.45
183,2,2.30
184,2,2.10
185,2,1.95
186,2,1.85
187,2,1.85
188,2,1.85
189,2,1.85
190,2,1.85
191,2,1.80
192,2,1.70
193,2,1.65
194,2,1.55
195,2,4.60
196,2,3.15
197,2,3.45
198,2,3.50
199,2,3.20
200,2,3.45
201,2,2.65
202,2,2.75
203,2,4.65
204,2,2.90
205,2,2.30
206,2,2.05
207,2,2.00
208,2,1.90
209,2,1.85
210,2,1.80
211,2,1.80
212,2,1.70
213,2,1.70
214,2,1.70
215,2,1.70
216,2,1.60
217,2,1.50
218,2,1.40
219,2,0.75
220,2,1.40
221,2,1.55
222,2,1.70
223,2,1.85
224,2,0.75
225,2,0.75
226,2,2.75
227,2,2.55
228,2,2.55
229,2,2.45
230,2,2.30
231,2,2.25
232,2,2.10
233,2,1.95
234,2,1.70
235,2,1.75
236,2,2.40
237,2,2.40
238,2,2.40
239,2,2.40
240,2,2.40
241,2,2.45
242,2,2.50
243,2,2.55
244,2,2.60
245,2,3.95
246,2,2.05
247,2,2.35
248,2,2.45
249,2,2.80
250,2,3.05
251,2,2.10
252,2,2.25
253,2,4.10
254,2,2.35
255,2,2.05
256,2,2.30
257,2,0.75
258,2,0.75
259,2,0.75
260,2,0.75
261,2,0.75
262,2,1.05
263,2,1.15
264,2,1.15
265,2,1.15
266,2,1.25
267,2,1.35
268,2,1.50
269,2,1.55
270,2,1.70
271,2,1.80
272,2,2.00
273,2,2.15
274,2,1.70
275,2,2.15
276,2,2.15
277,2,1.95
278,2,2.05
279,2,1.85
280,2,1.70
281,2,1.65
282,2,1.50
283,2,1.35
284,2,1.10
285,2,1.20
286,2,1.85
287,2,1.85
288,2,1.85
289,2,1.85
290,2,1.90
291,2,1.95
292,2,1.95
293,2,2.00
294,2,2.05
295,2,3.80
296,2,2.30
297,2,2.60
298,2,2.70
299,2,2.25
300,2,2.45
301,2,2.05
302,2,2.15
303,2,4.00
304,2,2.25
305,2,2.00
306,2,0.75
307,2,2.30
308,2,0.75
309,2,0.75
310,2,0.75
311,2,0.75
312,2,0.90
313,2,1.00
314,2,1.00
315,2,1.00
316,2,1.20
317,2,1.25
318,2,1.40
319,2,1.50
320,2,1.60
321,2,1.70
322,2,1.90
323,2,2.05
324,2,1.60
325,2,2.05
326,2,2.10
327,2,1.85
328,2,1.95
329,2,1.80
330,2,1.60
331,2,1.55
332,2,1.40
333,2,1.25
334,2,0.95
335,2,1.10
336,2,1.80
337,2,1.80
338,2,1.80
339,2,1.80
340,2,1.80
341,2,1.85
342,2,1.90
343,2,1.95
344,2,1.95
345,2,3.70
346,2,2.25
347,2,2.55
348,2,2.60
349,2,2.15
350,2,2.40
351,2,1.95
352,2,2.10
353,2,3.95
354,2,2.20
355,2,1.90
356,2,0.75
357,2,0.75
358,2,2.30
359,2,0.75
360,2,0.75
361,2,0.75
362,2,0.80
363,2,0.90
364,2,0.90
365,2,0.90
366,2,1.10
367,2,1.20
368,2,1.35
369,2,1.40
370,2,1.55
371,2,1.65
372,2,1.85
373,2,2.00
374,2,1.55
375,2,2.00
376,2,2.00
377,2,1.80
378,2,1.90
379,2,1.70
380,2,1.55
381,2,1.50
382,2,1.35
383,2,1.15
384,2,0.85
385,2,0.95
386,2,1.70
387,2,1.70
388,2,1.70
389,2,1.70
390,2,1.75
391,2,1.75
392,2,1.85
393,2,1.85
394,2,1.90
395,2,3.65
396,2,2.15
397,2,2.45
398,2,2.55
399,2,2.10
400,2,2.30
401,2,1.90
402,2,2.00
403,2,3.90
404,2,2.15
405,2,1.85
406,2,0.75
407,2,0.75
408,2,0.75
409,2,2.30
410,2,0.75
411,2,0.75
412,2,0.75
413,2,0.75
414,2,0.75
415,2,0.75
416,2,0.95
417,2,1.10
418,2,1.25
419,2,1.35
420,2,1.45
421,2,1.55
422,2,1.80
423,2,1.90
424,2,1.45
425,2,1.90
426,2,1.95
427,2,1.70
428,2,1.80
429,2,1.65
430,2,1.50
431,2,1.40
432,2,1.25
433,2,1.05
434,2,0.75
435,2,0.85
436,2,1.65
437,2,1.65
438,2,1.65
439,2,1.65
440,2,1.65
441,2,1.70
442,2,1.75
443,2,1.80
444,2,1.85
445,2,3.50
446,2,2.10
447,2,2.40
448,2,2.45
449,2,2.00
450,2,2.25
451,2,1.85
452,2,2.00
453,2,3.85
454,2,2.10
455,2,1.80
456,2,0.75
457,2,0.75
458,2,0.75
459,2,0.75
460,2,2.30
461,2,0.75
462,2,0.75
463,2,0.75
464,2,0.75
465,2,0.75
466,2,0.90
467,2,1.05
468,2,1.25
469,2,1.35
470,2,1.45
471,2,1.55
472,2,1.75
473,2,1.90
474,2,1.45
475,2,1.90
476,2,1.90
477,2,1.70
478,2,1.80
479,2,1.60
480,2,1.45
481,2,1.40
482,2,1.25
483,2,1.00
484,2,0.75
485,2,0.80
486,2,1.60
487,2,1.60
488,2,1.60
489,2,1.60
490,2,1.65
491,2,1.65
492,2,1.70
493,2,1.75
494,2,1.80
495,2,3.45
496,2,2.10
497,2,2.35
498,2,2.45
499,2,1.95
500,2,2.25
501,2,1.85
502,2,1.95
503,2,3.80
504,2,2.10
505,2,1.80
506,2,0.75
507,2,0.75
508,2,0.75
509,2,0.75
510,2,0.75
511,2,2.30
512,2,0.75
513,2,0.75
514,2,0.75
515,2,0.75
516,2,0.85
517,2,0.95
518,2,1.15
519,2,1.30
520,2,1.40
521,2,1.50
522,2,1.70
523,2,1.85
524,2,1.40
525,2,1.85
526,2,1.90
527,2,1.70
528,2,1.75
529,2,1.60
530,2,1.45
531,2,1.35
532,2,1.20
533,2,0.90
534,2,0.75
535,2,0.75
536,2,1.55
537,2,1.55
538,2,1.55
539,2,1.55
540,2,1.60
541,2,1.65
542,2,1.70
543,2,1.70
544,2,1.80
545,2,3.40
546,2,2.05
547,2,2.30
548,2,2.45
549,2,1.95
550,2,2.20
551,2,1.80
552,2,1.90
553,2,3.75
554,2,2.00
555,2,1.70
556,2,1.05
557,2,0.90
558,2,0.80
559,2,0.75
560,2,0.75
561,2,0.75
562,2,2.30
563,2,0.75
564,2,0.75
565,2,0.75
566,2,0.75
567,2,0.90
568,2,1.05
569,2,1.20
570,2,1.35
571,2,1.50
572,2,1.65
573,2,1.80
574,2,1.35
575,2,1.80
576,2,1.90
577,2,1.70
578,2,1.70
579,2,1.60
580,2,1.45
581,2,1.35
582,2,1.15
583,2,0.75
584,2,0.75
585,2,0.75
586,2,1.45
587,2,1.45
588,2,1.45
589,2,1.45
590,2,1.50
591,2,1.55
592,2,1.65
593,2,1.65
594,2,1.70
595,2,3.30
596,2,2.00
597,2,2.25
598,2,2.40
599,2,1.95
600,2,2.20
601,2,1.75
602,2,1.85
603,2,3.75
604,2,2.00
605,2,1.70
606,2,1.15
607,2,1.00
608,2,0.90
609,2,0.75
610,2,0.75
611,2,0.75
612,2,0.75
613,2,2.30
614,2,0.75
615,2,0.75
616,2,0.75
617,2,0.75
618,2,1.00
619,2,1.15
620,2,1.30
621,2,1.45
622,2,1.65
623,2,1.80
624,2,1.30
625,2,1.75
626,2,1.90
627,2,1.70
628,2,1.65
629,2,1.60
630,2,1.45
631,2,1.40
632,2,1.20
633,2,0.95
634,2,0.75
635,2,0.75
636,2,1.35
637,2,1.35
638,2,1.35
639,2,1.35
640,2,1.45
641,2,1.50
642,2,1.60
643,2,1.65
644,2,1.70
645,2,3.20
646,2,1.95
647,2,2.25
648,2,2.35
649,2,1.95
650,2,2.25
651,2,1.75
652,2,1.85
653,2,3.75
654,2,2.00
655,2,1.70
656,2,1.15
657,2,1.00
658,2,0.90
659,2,0.75
660,2,0.75
661,2,0.75
662,2,0.75
663,2,0.75
664,2,2.30
665,2,0.75
666,2,0.75
667,2,0.75
668,2,1.00
669,2,1.15
670,2,1.30
671,2,1.45
672,2,1.65
673,2,1.80
674,2,1.30
675,2,1.75
676,2,1.90
677,2,1.70
678,2,1.65
679,2,1.60
680,2,1.45
681,2,1.40
682,2,1.20
683,2,0.95
684,2,0.75
685,2,0.75
686,2,1.35
687,2,1.35
688,2,1.35
689,2,1.35
690,2,1.45
691,2,1.50
692,2,1.60
693,2,1.65
694,2,1.70
695,2,3.20
696,2,1.95
697,2,2.25
698,2,2.35
699,2,1.95
700,2,2.25
701,2,1.75
702,2,1.85
703,2,3.75
704,2,2.00
705,2,1.70
706,2,1.15
707,2,1.00
708,2,0.90
709,2,0.75
710,2,0.75
711,2,0.75
712,2,0.75
713,2,0.75
714,2,0.75
715,2,2.30
716,2,0.75
717,2,0.75
718,2,1.00
719,2,1.15
720,2,1.30
721,2,1.45
722,2,1.65
723,2,1.80
724,2,1.30
725,2,1.75
726,2,1.90
727,2,1.70
728,2,1.65
729,2,1.60
730,2,1.45
731,2,1.40
732,2,1.20
733,2,0.95
734,2,0.75
735,2,0.75
736,2,1.35
737,2,1.35
738,2,1.35
739,2,1.35
740,2,1.45
741,2,1.50
742,2,1.60
743,2,1.65
744,2,1.70
745,2,3.20
746,2,1.95
747,2,2.25
748,2,2.35
749,2,1.95
750,2,2.25
751,2,1.85
752,2,1.95
753,2,3.85
754,2,2.10
755,2,1.60
756,2,1.25
757,2,1.20
758,2,1.10
759,2,0.95
760,2,0.90
761,2,0.85
762,2,0.75
763,2,0.75
764,2,0.75
765,2,0.75
766,2,2.30
767,2,0.75
768,2,0.75
769,2,0.95
770,2,1.15
771,2,1.35
772,2,1.55
773,2,1.65
774,2,1.15
775,2,1.65
776,2,1.95
777,2,1.75
778,2,1.80
779,2,1.70
780,2,1.50
781,2,1.45
782,2,1.30
783,2,1.10
784,2,0.80
785,2,0.75
786,2,1.55
787,2,1.55
788,2,1.55
789,2,1.55
790,2,1.65
791,2,1.65
792,2,1.70
793,2,1.75
794,2,1.80
795,2,3.20
796,2,1.85
797,2,2.15
798,2,2.25
799,2,2.05
800,2,2.30
801,2,1.95
802,2,2.05
803,2,3.90
804,2,2.15
805,2,1.50
806,2,1.35
807,2,1.25
808,2,1.20
809,2,1.10
810,2,1.05
811,2,0.95
812,2,0.90
813,2,0.75
814,2,0.75
815,2,0.75
816,2,0.75
817,2,2.30
818,2,0.75
819,2,0.75
820,2,1.00
821,2,1.20
822,2,1.45
823,2,1.60
824,2,1.00
825,2,1.55
826,2,2.05
827,2,1.85
828,2,1.85
829,2,1.75
830,2,1.60
831,2,1.55
832,2,1.40
833,2,1.25
834,2,0.90
835,2,0.85
836,2,1.65
837,2,1.65
838,2,1.65
839,2,1.65
840,2,1.70
841,2,1.75
842,2,1.80
843,2,1.80
844,2,1.85
845,2,2.40
846,2,1.75
847,2,2.05
848,2,2.15
849,2,2.10
850,2,2.35
851,2,2.05
852,2,2.15
853,2,4.05
854,2,2.30
855,2,1.40
856,2,1.50
857,2,1.40
858,2,1.35
859,2,1.25
860,2,1.25
861,2,1.15
862,2,1.05
863,2,1.00
864,2,1.00
865,2,1.00
866,2,0.75
867,2,0.75
868,2,2.30
869,2,0.75
870,2,0.75
871,2,1.00
872,2,1.30
873,2,1.45
874,2,0.75
875,2,1.45
876,2,2.15
877,2,1.95
878,2,2.00
879,2,1.85
880,2,1.70
881,2,1.65
882,2,1.50
883,2,1.35
884,2,1.10
885,2,1.05
886,2,1.80
887,2,1.80
888,2,1.80
889,2,1.80
890,2,1.85
891,2,1.85
892,2,1.90
893,2,1.95
894,2,2.00
895,2,3.20
896,2,1.65
897,2,1.95
898,2,2.05
899,2,2.25
900,2,2.50
901,2,2.15
902,2,2.25
903,2,4.15
904,2,2.40
905,2,0.75
906,2,1.55
907,2,1.50
908,2,1.40
909,2,1.35
910,2,1.35
911,2,1.30
912,2,1.20
913,2,1.15
914,2,1.15
915,2,1.15
916,2,0.95
917,2,0.75
918,2,0.75
919,2,2.30
920,2,0.75
921,2,0.75
922,2,0.75
923,2,0.75
924,2,0.75
925,2,0.75
926,2,2.25
927,2,2.05
928,2,2.10
929,2,1.95
930,2,1.80
931,2,1.75
932,2,1.60
933,2,1.45
934,2,1.20
935,2,1.20
936,2,1.90
937,2,1.90
938,2,1.90
939,2,1.90
940,2,1.95
941,2,1.95
942,2,2.00
943,2,2.05
944,2,2.10
945,2,3.20
946,2,1.55
947,2,1.85
948,2,1.95
949,2,2.30
950,2,2.60
951,2,2.25
952,2,2.40
953,2,4.25
954,2,2.50
955,2,1.40
956,2,1.70
957,2,1.60
958,2,1.55
959,2,1.45
960,2,1.45
961,2,1.40
962,2,1.35
963,2,1.30
964,2,1.30
965,2,1.30
966,2,1.15
967,2,1.00
968,2,0.75
969,2,0.75
970,2,2.30
971,2,0.75
972,2,0.75
973,2,0.75
974,2,0.75
975,2,1.50
976,2,2.40
977,2,2.15
978,2,2.20
979,2,2.10
980,2,1.95
981,2,1.85
982,2,1.70
983,2,1.55
984,2,1.35
985,2,1.35
986,2,2.00
987,2,2.00
988,2,2.00
989,2,2.00
990,2,2.05
991,2,2.05
992,2,2.10
993,2,2.15
994,2,2.20
995,2,3.45
996,2,1.45
997,2,1.70
998,2,1.85
999,2,2.45
1000,2,2.70
1001,2,2.40
1002,2,2.50
1003,2,4.35
1004,2,2.60
1005,2,1.55
1006,2,1.80
1007,2,1.70
1008,2,1.65
1009,2,1.55
1010,2,1.55
1011,2,1.50
1012,2,1.50
1013,2,1.45
1014,2,1.45
1015,2,1.45
1016,2,1.35
1017,2,1.20
1018,2,1.00
1019,2,0.75
1020,2,0.75
1021,2,2.30
1022,2,0.75
1023,2,0.75
1024,2,1.05
1025,2,1.60
1026,2,2.50
1027,2,2.30
1028,2,2.30
1029,2,2.20
1030,2,2.05
1031,2,2.00
1032,2,1.85
1033,2,1.70
1034,2,1.50
1035,2,1.50
1036,2,2.15
1037,2,2.15
1038,2,2.15
1039,2,2.15
1040,2,2.15
1041,2,2.20
1042,2,2.25
1043,2,2.25
1044,2,2.30
1045,2,3.65
1046,2,0.75
1047,2,1.60
1048,2,1.70
1049,2,2.55
1050,2,2.80
1051,2,2.60
1052,2,2.70
1053,2,4.55
1054,2,2.85
1055,2,1.70
1056,2,2.00
1057,2,1.90
1058,2,1.85
1059,2,1.80
1060,2,1.75
1061,2,1.70
1062,2,1.65
1063,2,1.65
1064,2,1.65
1065,2,1.65
1066,2,1.55
1067,2,1.45
1068,2,1.30
1069,2,0.75
1070,2,0.75
1071,2,0.75
1072,2,2.30
1073,2,0.75
1074,2,1.35
1075,2,1.80
1076,2,2.70
1077,2,2.50
1078,2,2.50
1079,2,2.40
1080,2,2.25
1081,2,2.15
1082,2,2.00
1083,2,1.85
1084,2,1.65
1085,2,1.65
1086,2,2.30
1087,2,2.30
1088,2,2.30
1089,2,2.30
1090,2,2.35
1091,2,2.40
1092,2,2.45
1093,2,2.45
1094,2,2.55
1095,2,3.90
1096,2,0.75
1097,2,1.40
1098,2,1.50
1099,2,2.75
1100,2,3.00
1101,2,2.70
1102,2,2.85
1103,2,4.70
1104,2,2.95
1105,2,1.85
1106,2,2.15
1107,2,2.05
1108,2,2.00
1109,2,1.90
1110,2,1.90
1111,2,1.85
1112,2,1.80
1113,2,1.80
1114,2,1.80
1115,2,1.80
1116,2,1.65
1117,2,1.60
1118,2,1.45
1119,2,0.75
1120,2,0.75
1121,2,0.75
1122,2,0.75
1123,2,2.30
1124,2,1.50
1125,2,1.95
1126,2,2.85
1127,2,2.60
1128,2,2.65
1129,2,2.55
1130,2,2.40
1131,2,2.30
1132,2,2.15
1133,2,2.00
1134,2,1.80
1135,2,1.80
1136,2,2.45
1137,2,2.45
1138,2,2.45
1139,2,2.45
1140,2,2.50
1141,2,2.50
1142,2,2.60
1143,2,2.60
1144,2,2.65
1145,2,4.00
1146,2,0.75
1147,2,1.20
1148,2,1.35
1149,2,2.90
1150,2,3.15
1151,2,2.25
1152,2,2.40
1153,2,4.25
1154,2,2.50
1155,2,0.75
1156,2,1.70
1157,2,1.60
1158,2,1.55
1159,2,1.45
1160,2,1.45
1161,2,1.40
1162,2,1.35
1163,2,1.30
1164,2,1.30
1165,2,1.30
1166,2,1.15
1167,2,1.00
1168,2,0.75
1169,2,0.75
1170,2,0.75
1171,2,1.05
1172,2,1.35
1173,2,1.50
1174,2,2.30
1175,2,0.75
1176,2,2.40
1177,2,2.15
1178,2,2.20
1179,2,2.10
1180,2,1.90
1181,2,1.85
1182,2,1.70
1183,2,1.55
1184,2,1.35
1185,2,1.35
1186,2,2.00
1187,2,2.00
1188,2,2.00
1189,2,2.00
1190,2,2.05
1191,2,2.05
1192,2,2.10
1193,2,2.15
1194,2,2.20
1195,2,3.45
1196,2,1.65
1197,2,1.95
1198,2,2.05
1199,2,2.45
1200,2,2.70
1201,2,2.70
1202,2,2.80
1203,2,4.70
1204,2,2.95
1205,2,0.75
1206,2,2.15
1207,2,2.05
1208,2,2.00
1209,2,1.90
1210,2,1.90
1211,2,1.85
1212,2,1.80
1213,2,1.75
1214,2,1.75
1215,2,1.75
1216,2,1.65
1217,2,1.55
1218,2,1.45
1219,2,0.75
1220,2,1.50
1221,2,1.60
1222,2,1.80
1223,2,1.95
1224,2,0.75
1225,2,2.30
1226,2,2.85
1227,2,2.60
1228,2,2.65
1229,2,2.55
1230,2,2.35
1231,2,2.30
1232,2,2.15
1233,2,2.00
1234,2,1.80
1235,2,1.80
1236,2,2.45
1237,2,2.45
1238,2,2.45
1239,2,2.45
1240,2,2.50
1241,2,2.50
1242,2,2.55
1243,2,2.60
1244,2,2.65
1245,2,4.00
1246,2,2.10
1247,2,2.40
1248,2,2.50
1249,2,2.90
1250,2,3.15
1251,2,2.90
1252,2,3.00
1253,2,4.85
1254,2,3.10
1255,2,2.75
1256,2,2.15
1257,2,2.10
1258,2,2.00
1259,2,1.95
1260,2,1.90
1261,2,1.90
1262,2,1.90
1263,2,1.90
1264,2,1.90
1265,2,1.90
1266,2,1.95
1267,2,2.05
1268,2,2.15
1269,2,2.25
1270,2,2.40
1271,2,2.50
1272,2,2.70
1273,2,2.85
1274,2,2.40
1275,2,2.85
1276,2,2.30
1277,2,0.75
1278,2,2.80
1279,2,0.75
1280,2,0.75
1281,2,0.75
1282,2,1.45
1283,2,1.60
1284,2,1.85
1285,2,1.95
1286,2,2.60
1287,2,2.60
1288,2,2.60
1289,2,2.60
1290,2,2.65
1291,2,2.70
1292,2,2.75
1293,2,2.75
1294,2,2.80
1295,2,4.50
1296,2,3.00
1297,2,3.30
1298,2,3.40
1299,2,0.75
1300,2,0.75
1301,2,2.70
1302,2,2.75
1303,2,4.65
1304,2,2.90
1305,2,2.55
1306,2,1.95
1307,2,1.85
1308,2,1.80
1309,2,1.70
1310,2,1.70
1311,2,1.70
1312,2,1.70
1313,2,1.70
1314,2,1.70
1315,2,1.70
1316,2,1.75
1317,2,1.85
1318,2,1.95
1319,2,2.05
1320,2,2.15
1321,2,2.30
1322,2,2.50
1323,2,2.60
1324,2,2.15
1325,2,2.60
1326,2,0.75
1327,2,2.30
1328,2,2.60
1329,2,0.75
1330,2,0.75
1331,2,0.75
1332,2,1.20
1333,2,1.40
1334,2,1.65
1335,2,1.75
1336,2,2.40
1337,2,2.40
1338,2,2.40
1339,2,2.40
1340,2,2.45
1341,2,2.45
1342,2,2.55
1343,2,2.55
1344,2,2.60
1345,2,4.25
1346,2,2.80
1347,2,3.10
1348,2,3.20
1349,2,0.75
1350,2,1.35
1351,2,1.25
1352,2,1.25
1353,2,3.20
1354,2,1.50
1355,2,2.55
1356,2,2.05
1357,2,1.95
1358,2,1.90
1359,2,1.80
1360,2,1.80
1361,2,1.75
1362,2,1.70
1363,2,1.65
1364,2,1.65
1365,2,1.65
1366,2,1.80
1367,2,1.85
1368,2,2.00
1369,2,2.10
1370,2,2.20
1371,2,2.30
1372,2,2.50
1373,2,2.65
1374,2,2.20
1375,2,2.65
1376,2,2.80
1377,2,2.60
1378,2,2.30
1379,2,2.50
1380,2,2.35
1381,2,2.30
1382,2,2.15
1383,2,2.00
1384,2,1.75
1385,2,1.65
1386,2,1.45
1387,2,1.45
1388,2,1.45
1389,2,1.45
1390,2,1.35
1391,2,1.35
1392,2,1.25
1393,2,1.25
1394,2,1.25
1395,2,4.30
1396,2,2.85
1397,2,3.10
1398,2,3.20
1399,2,2.85
1400,2,3.15
1401,2,2.60
1402,2,2.70
1403,2,4.55
1404,2,2.85
1405,2,2.45
1406,2,1.85
1407,2,1.80
1408,2,1.70
1409,2,1.65
1410,2,1.60
1411,2,1.60
1412,2,1.60
1413,2,1.60
1414,2,1.60
1415,2,1.60
1416,2,1.70
1417,2,1.75
1418,2,1.85
1419,2,1.95
1420,2,2.10
1421,2,2.20
1422,2,2.40
1423,2,2.55
1424,2,2.10
1425,2,2.55
1426,2,0.75
1427,2,0.75
1428,2,2.50
1429,2,2.30
1430,2,0.75
1431,2,0.75
1432,2,0.75
1433,2,0.75
1434,2,1.55
1435,2,1.65
1436,2,2.35
1437,2,2.35
1438,2,2.35
1439,2,2.35
1440,2,2.35
1441,2,2.40
1442,2,2.45
1443,2,2.45
1444,2,2.55
1445,2,4.20
1446,2,2.70
1447,2,3.00
1448,2,3.10
1449,2,0.75
1450,2,1.40
1451,2,2.40
1452,2,2.55
1453,2,4.40
1454,2,2.65
1455,2,2.30
1456,2,1.70
1457,2,1.60
1458,2,1.55
1459,2,1.50
1460,2,1.45
1461,2,1.45
1462,2,1.45
1463,2,1.45
1464,2,1.45
1465,2,1.45
1466,2,1.50
1467,2,1.60
1468,2,1.70
1469,2,1.80
1470,2,1.95
1471,2,2.05
1472,2,2.25
1473,2,2.40
1474,2,1.90
1475,2,2.35
1476,2,0.75
1477,2,0.75
1478,2,2.35
1479,2,0.75
1480,2,2.30
1481,2,0.75
1482,2,0.75
1483,2,0.75
1484,2,1.40
1485,2,1.50
1486,2,2.15
1487,2,2.15
1488,2,2.15
1489,2,2.15
1490,2,2.20
1491,2,2.25
1492,2,2.30
1493,2,2.30
1494,2,2.35
1495,2,4.05
1496,2,2.55
1497,2,2.85
1498,2,2.95
1499,2,1.35
1500,2,1.55
1501,2,2.35
1502,2,2.45
1503,2,4.35
1504,2,2.60
1505,2,2.25
1506,2,1.65
1507,2,1.55
1508,2,1.50
1509,2,1.40
1510,2,1.40
1511,2,1.35
1512,2,1.35
1513,2,1.40
1514,2,1.40
1515,2,1.40
1516,2,1.45
1517,2,1.55
1518,2,1.65
1519,2,1.75
1520,2,1.85
1521,2,2.00
1522,2,2.15
1523,2,2.30
1524,2,1.85
1525,2,2.30
1526,2,0.75
1527,2,0.75
1528,2,2.30
1529,2,0.75
1530,2,0.75
1531,2,2.30
1532,2,0.75
1533,2,0.75
1534,2,1.25
1535,2,1.45
1536,2,2.10
1537,2,2.10
1538,2,2.10
1539,2,2.10
1540,2,2.15
1541,2,2.15
1542,2,2.20
1543,2,2.25
1544,2,2.30
1545,2,3.95
1546,2,2.50
1547,2,2.75
1548,2,2.90
1549,2,1.40
1550,2,1.65
1551,2,2.20
1552,2,2.30
1553,2,4.20
1554,2,2.45
1555,2,2.10
1556,2,1.50
1557,2,1.40
1558,2,1.35
1559,2,1.25
1560,2,1.25
1561,2,1.20
1562,2,1.15
1563,2,1.20
1564,2,1.20
1565,2,1.20
1566,2,1.30
1567,2,1.40
1568,2,1.50
1569,2,1.60
1570,2,1.70
1571,2,1.85
1572,2,2.00
1573,2,2.15
1574,2,1.70
1575,2,2.15
1576,2,1.45
1577,2,1.20
1578,2,2.15
1579,2,0.75
1580,2,0.75
1581,2,0.75
1582,2,2.30
1583,2,0.75
1584,2,1.05
1585,2,1.30
1586,2,1.95
1587,2,1.95
1588,2,1.95
1589,2,1.95
1590,2,2.00
1591,2,2.00
1592,2,2.10
1593,2,2.10
1594,2,2.15
1595,2,3.80
1596,2,2.35
1597,2,2.65
1598,2,2.75
1599,2,1.55
1600,2,1.80
1601,2,2.05
1602,2,2.15
1603,2,4.05
1604,2,2.30
1605,2,1.95
1606,2,1.35
1607,2,1.25
1608,2,1.15
1609,2,1.05
1610,2,1.00
1611,2,0.90
1612,2,0.75
1613,2,0.95
1614,2,0.95
1615,2,0.95
1616,2,1.10
1617,2,1.25
1618,2,1.35
1619,2,1.45
1620,2,1.55
1621,2,1.70
1622,2,1.85
1623,2,2.00
1624,2,1.55
1625,2,2.00
1626,2,1.60
1627,2,1.40
1628,2,2.00
1629,2,0.75
1630,2,0.75
1631,2,0.75
1632,2,0.75
1633,2,2.30
1634,2,0.75
1635,2,1.05
1636,2,1.80
1637,2,1.80
1638,2,1.80
1639,2,1.80
1640,2,1.85
1641,2,1.85
1642,2,1.90
1643,2,1.95
1644,2,2.00
1645,2,3.65
1646,2,2.20
1647,2,2.45
1648,2,2.60
1649,2,1.70
1650,2,1.95
1651,2,1.85
1652,2,1.95
1653,2,3.80
1654,2,2.10
1655,2,1.70
1656,2,1.10
1657,2,0.95
1658,2,0.85
1659,2,0.75
1660,2,0.75
1661,2,0.75
1662,2,0.75
1663,2,0.75
1664,2,0.75
1665,2,0.75
1666,2,0.80
1667,2,0.90
1668,2,1.10
1669,2,1.20
1670,2,1.35
1671,2,1.50
1672,2,1.65
1673,2,1.80
1674,2,1.35
1675,2,1.80
1676,2,1.85
1677,2,1.65
1678,2,1.75
1679,2,1.55
1680,2,1.40
1681,2,1.25
1682,2,1.05
1683,2,0.75
1684,2,2.30
1685,2,0.75
1686,2,1.55
1687,2,1.55
1688,2,1.55
1689,2,1.55
1690,2,1.60
1691,2,1.65
1692,2,1.70
1693,2,1.70
1694,2,1.80
1695,2,3.35
1696,2,2.00
1697,2,2.25
1698,2,2.40
1699,2,1.90
1700,2,2.15
1701,2,1.70
1702,2,1.80
1703,2,3.70
1704,2,1.95
1705,2,1.75
1706,2,1.20
1707,2,1.10
1708,2,0.95
1709,2,0.85
1710,2,0.80
1711,2,0.75
1712,2,0.75
1713,2,0.75
1714,2,0.75
1715,2,0.75
1716,2,0.75
1717,2,0.85
1718,2,1.05
1719,2,1.20
1720,2,1.35
1721,2,1.50
1722,2,1.65
1723,2,1.80
1724,2,1.35
1725,2,1.80
1726,2,1.95
1727,2,1.75
1728,2,1.65
1729,2,1.65
1730,2,1.50
1731,2,1.45
1732,2,1.30
1733,2,1.05
1734,2,0.75
1735,2,2.30
1736,2,1.25
1737,2,1.25
1738,2,1.25
1739,2,1.25
1740,2,1.35
1741,2,1.40
1742,2,1.50
1743,2,1.55
1744,2,1.65
1745,2,3.30
1746,2,2.00
1747,2,2.25
1748,2,2.40
1749,2,2.00
1750,2,2.30
1751,2,1.55
1752,2,1.70
1753,2,3.60
1754,2,1.85
1755,2,2.40
1756,2,1.85
1757,2,1.80
1758,2,1.70
1759,2,1.65
1760,2,1.60
1761,2,1.55
1762,2,1.45
1763,2,1.35
1764,2,1.35
1765,2,1.35
1766,2,1.55
1767,2,1.65
1768,2,1.80
1769,2,1.90
1770,2,2.00
1771,2,2.15
1772,2,2.30
1773,2,2.45
1774,2,2.00
1775,2,2.45
1776,2,2.60
1777,2,2.40
1778,2,1.45
1779,2,2.35
1780,2,2.15
1781,2,2.10
1782,2,1.95
1783,2,1.80
1784,2,1.55
1785,2,1.25
1786,2,2.30
1787,2,0.75
1788,2,0.75
1789,2,0.75
1790,2,0.75
1791,2,0.75
1792,2,0.75
1793,2,0.75
1794,2,1.30
1795,2,4.10
1796,2,2.65
1797,2,2.95
1798,2,3.05
1799,2,2.70
1800,2,2.95
1801,2,1.55
1802,2,1.70
1803,2,3.60
1804,2,1.85
1805,2,2.40
1806,2,1.85
1807,2,1.80
1808,2,1.70
1809,2,1.65
1810,2,1.60
1811,2,1.55
1812,2,1.45
1813,2,1.35
1814,2,1.35
1815,2,1.35
1816,2,1.55
1817,2,1.65
1818,2,1.80
1819,2,1.90
1820,2,2.00
1821,2,2.15
1822,2,2.30
1823,2,2.45
1824,2,2.00
1825,2,2.45
1826,2,2.60
1827,2,2.40
1828,2,1.45
1829,2,2.35
1830,2,2.15
1831,2,2.10
1832,2,1.95
1833,2,1.80
1834,2,1.55
1835,2,1.25
1836,2,0.75
1837,2,2.30
1838,2,0.75
1839,2,0.75
1840,2,0.75
1841,2,0.75
1842,2,0.75
1843,2,0.75
1844,2,1.30
1845,2,4.10
1846,2,2.65
1847,2,2.95
1848,2,3.05
1849,2,2.70
1850,2,2.95
1851,2,1.55
1852,2,1.70
1853,2,3.60
1854,2,1.85
1855,2,2.40
1856,2,1.85
1857,2,1.80
1858,2,1.70
1859,2,1.65
1860,2,1.60
1861,2,1.55
1862,2,1.45
1863,2,1.35
1864,2,1.35
1865,2,1.35
1866,2,1.55
1867,2,1.65
1868,2,1.80
1869,2,1.90
1870,2,2.00
1871,2,2.15
1872,2,2.30
1873,2,2.45
1874,2,2.00
1875,2,2.45
1876,2,2.60
1877,2,2.40
1878,2,1.45
1879,2,2.35
1880,2,2.15
1881,2,2.10
1882,2,1.95
1883,2,1.80
1884,2,1.55
1885,2,1.25
1886,2,0.75
1887,2,0.75
1888,2,2.30
1889,2,0.75
1890,2,0.75
1891,2,0.75
1892,2,0.75
1893,2,0.75
1894,2,1.30
1895,2,4.10
1896,2,2.65
1897,2,2.95
1898,2,3.05
1899,2,2.70
1900,2,2.95
1901,2,1.55
1902,2,1.70
1903,2,3.60
1904,2,1.85
1905,2,2.40
1906,2,1.85
1907,2,1.80
1908,2,1.70
1909,2,1.65
1910,2,1.60
1911,2,1.55
1912,2,1.45
1913,2,1.35
1914,2,1.35
1915,2,1.35
1916,2,1.55
1917,2,1.65
1918,2,1.80
1919,2,1.90
1920,2,2.00
1921,2,2.15
1922,2,2.30
1923,2,2.45
1924,2,2.00
1925,2,2.45
1926,2,2.60
1927,2,2.40
1928,2,1.45
1929,2,2.35
1930,2,2.15
1931,2,2.10
1932,2,1.95
1933,2,1.80
1934,2,1.55
1935,2,1.25
1936,2,0.75
1937,2,0.75
1938,2,0.75
1939,2,2.30
1940,2,0.75
1941,2,0.75
1942,2,0.75
1943,2,0.75
1944,2,1.30
1945,2,4.10
1946,2,2.65
1947,2,2.95
1948,2,3.05
1949,2,2.70
1950,2,2.95
1951,2,1.50
1952,2,1.65
1953,2,3.60
1954,2,1.85
1955,2,2.40
1956,2,1.90
1957,2,1.80
1958,2,1.75
1959,2,1.65
1960,2,1.65
1961,2,1.60
1962,2,1.50
1963,2,1.45
1964,2,1.45
1965,2,1.45
1966,2,1.65
1967,2,1.70
1968,2,1.85
1969,2,1.95
1970,2,2.05
1971,2,2.15
1972,2,2.35
1973,2,2.50
1974,2,2.05
1975,2,2.50
1976,2,2.65
1977,2,2.45
1978,2,1.35
1979,2,2.35
1980,2,2.20
1981,2,2.15
1982,2,2.00
1983,2,1.85
1984,2,1.60
1985,2,1.35
1986,2,0.75
1987,2,0.75
1988,2,0.75
1989,2,0.75
1990,2,2.30
1991,2,0.75
1992,2,0.75
1993,2,0.75
1994,2,1.20
1995,2,4.15
1996,2,2.70
1997,2,2.95
1998,2,3.05
1999,2,2.70
2000,2,3.00
2001,2,1.45
2002,2,1.60
2003,2,3.55
2004,2,1.80
2005,2,2.45
2006,2,1.95
2007,2,1.85
2008,2,1.75
2009,2,1.70
2010,2,1.65
2011,2,1.65
2012,2,1.55
2013,2,1.50
2014,2,1.50
2015,2,1.50
2016,2,1.65
2017,2,1.75
2018,2,1.85
2019,2,1.95
2020,2,2.05
2021,2,2.20
2022,2,2.40
2023,2,2.50
2024,2,2.05
2025,2,2.50
2026,2,2.70
2027,2,2.45
2028,2,1.35
2029,2,2.40
2030,2,2.25
2031,2,2.15
2032,2,2.00
2033,2,1.85
2034,2,1.65
2035,2,1.40
2036,2,0.75
2037,2,0.75
2038,2,0.75
2039,2,0.75
2040,2,0.75
2041,2,2.30
2042,2,0.75
2043,2,0.75
2044,2,1.20
2045,2,4.20
2046,2,2.70
2047,2,3.00
2048,2,3.10
2049,2,2.75
2050,2,3.00
2051,2,1.35
2052,2,1.50
2053,2,3.45
2054,2,1.70
2055,2,2.50
2056,2,1.95
2057,2,1.90
2058,2,1.85
2059,2,1.75
2060,2,1.70
2061,2,1.70
2062,2,1.65
2063,2,1.60
2064,2,1.60
2065,2,1.60
2066,2,1.70
2067,2,1.80
2068,2,1.90
2069,2,2.00
2070,2,2.10
2071,2,2.25
2072,2,2.45
2073,2,2.60
2074,2,2.10
2075,2,2.55
2076,2,2.75
2077,2,2.55
2078,2,1.25
2079,2,2.45
2080,2,2.30
2081,2,2.20
2082,2,2.10
2083,2,1.90
2084,2,1.70
2085,2,1.50
2086,2,0.75
2087,2,0.75
2088,2,0.75
2089,2,0.75
2090,2,0.75
2091,2,0.75
2092,2,2.30
2093,2,0.75
2094,2,1.20
2095,2,4.20
2096,2,2.75
2097,2,3.05
2098,2,3.15
2099,2,2.80
2100,2,3.05
2101,2,1.25
2102,2,1.45
2103,2,3.40
2104,2,1.65
2105,2,2.55
2106,2,2.00
2107,2,1.95
2108,2,1.85
2109,2,1.80
2110,2,1.75
2111,2,1.70
2112,2,1.65
2113,2,1.65
2114,2,1.65
2115,2,1.65
2116,2,1.75
2117,2,1.80
2118,2,1.95
2119,2,2.05
2120,2,2.15
2121,2,2.25
2122,2,2.45
2123,2,2.60
2124,2,2.15
2125,2,2.60
2126,2,2.75
2127,2,2.55
2128,2,1.25
2129,2,2.45
2130,2,2.30
2131,2,2.25
2132,2,2.10
2133,2,1.95
2134,2,1.70
2135,2,1.55
2136,2,0.75
2137,2,0.75
2138,2,0.75
2139,2,0.75
2140,2,0.75
2141,2,0.75
2142,2,0.75
2143,2,2.30
2144,2,1.20
2145,2,4.25
2146,2,2.75
2147,2,3.05
2148,2,3.15
2149,2,2.85
2150,2,3.10
2151,2,1.25
2152,2,1.25
2153,2,3.30
2154,2,1.55
2155,2,2.60
2156,2,2.05
2157,2,1.95
2158,2,1.90
2159,2,1.85
2160,2,1.80
2161,2,1.80
2162,2,1.70
2163,2,1.70
2164,2,1.70
2165,2,1.70
2166,2,1.80
2167,2,1.85
2168,2,2.00
2169,2,2.10
2170,2,2.20
2171,2,2.30
2172,2,2.55
2173,2,2.65
2174,2,2.20
2175,2,2.65
2176,2,2.80
2177,2,2.60
2178,2,1.25
2179,2,2.55
2180,2,2.35
2181,2,2.30
2182,2,2.15
2183,2,2.00
2184,2,1.80
2185,2,1.65
2186,2,1.30
2187,2,1.30
2188,2,1.30
2189,2,1.30
2190,2,1.20
2191,2,1.20
2192,2,1.20
2193,2,1.20
2194,2,2.30
2195,2,4.30
2196,2,2.85
2197,2,3.15
2198,2,3.20
2199,2,2.90
2200,2,3.15
2201,2,4.35
2202,2,4.50
2203,2,6.35
2204,2,4.60
2205,2,3.95
2206,2,3.80
2207,2,3.70
2208,2,3.65
2209,2,3.50
2210,2,3.45
2211,2,3.40
2212,2,3.30
2213,2,3.20
2214,2,3.20
2215,2,3.20
2216,2,3.20
2217,2,2.40
2218,2,3.20
2219,2,3.20
2220,2,3.45
2221,2,3.65
2222,2,3.90
2223,2,4.00
2224,2,3.45
2225,2,4.00
2226,2,4.50
2227,2,4.25
2228,2,4.30
2229,2,4.20
2230,2,4.05
2231,2,3.95
2232,2,3.80
2233,2,3.65
2234,2,3.35
2235,2,3.30
2236,2,4.10
2237,2,4.10
2238,2,4.10
2239,2,4.10
2240,2,4.15
2241,2,4.20
2242,2,4.20
2243,2,4.25
2244,2,4.30
2245,2,2.30
2246,2,4.20
2247,2,4.50
2248,2,4.60
2249,2,4.55
2250,2,4.80
2251,2,2.90
2252,2,3.00
2253,2,4.85
2254,2,3.15
2255,2,2.05
2256,2,2.30
2257,2,2.25
2258,2,2.15
2259,2,2.10
2260,2,2.10
2261,2,2.05
2262,2,2.00
2263,2,1.95
2264,2,1.95
2265,2,1.95
2266,2,1.85
2267,2,1.75
2268,2,1.65
2269,2,1.55
2270,2,1.45
2271,2,0.75
2272,2,0.75
2273,2,0.75
2274,2,1.65
2275,2,2.10
2276,2,3.00
2277,2,2.80
2278,2,2.85
2279,2,2.70
2280,2,2.55
2281,2,2.50
2282,2,2.35
2283,2,2.20
2284,2,2.00
2285,2,2.00
2286,2,2.65
2287,2,2.65
2288,2,2.65
2289,2,2.65
2290,2,2.70
2291,2,2.70
2292,2,2.75
2293,2,2.75
2294,2,2.85
2295,2,4.20
2296,2,2.30
2297,2,0.95
2298,2,1.10
2299,2,3.05
2300,2,3.30
2301,2,3.20
2302,2,3.30
2303,2,5.15
2304,2,3.45
2305,2,2.35
2306,2,2.60
2307,2,2.55
2308,2,2.45
2309,2,2.40
2310,2,2.35
2311,2,2.30
2312,2,2.25
2313,2,2.25
2314,2,2.25
2315,2,2.25
2316,2,2.15
2317,2,2.05
2318,2,1.95
2319,2,1.85
2320,2,1.70
2321,2,1.60
2322,2,1.40
2323,2,1.20
2324,2,1.95
2325,2,2.40
2326,2,3.30
2327,2,3.10
2328,2,3.10
2329,2,3.00
2330,2,2.85
2331,2,2.75
2332,2,2.65
2333,2,2.45
2334,2,2.25
2335,2,2.25
2336,2,2.95
2337,2,2.95
2338,2,2.95
2339,2,2.95
2340,2,2.95
2341,2,3.00
2342,2,3.05
2343,2,3.05
2344,2,3.15
2345,2,4.50
2346,2,0.95
2347,2,2.30
2348,2,0.75
2349,2,3.35
2350,2,3.60
2351,2,3.30
2352,2,3.40
2353,2,5.25
2354,2,3.50
2355,2,2.45
2356,2,2.70
2357,2,2.60
2358,2,2.55
2359,2,2.45
2360,2,2.45
2361,2,2.45
2362,2,2.40
2363,2,2.35
2364,2,2.35
2365,2,2.35
2366,2,2.25
2367,2,2.15
2368,2,2.05
2369,2,1.95
2370,2,1.85
2371,2,1.70
2372,2,1.50
2373,2,1.35
2374,2,2.05
2375,2,2.50
2376,2,3.40
2377,2,3.20
2378,2,3.20
2379,2,3.10
2380,2,2.95
2381,2,2.90
2382,2,2.75
2383,2,2.60
2384,2,2.40
2385,2,2.40
2386,2,3.05
2387,2,3.05
2388,2,3.05
2389,2,3.05
2390,2,3.05
2391,2,3.10
2392,2,3.15
2393,2,3.15
2394,2,3.20
2395,2,4.60
2396,2,1.10
2397,2,0.75
2398,2,2.30
2399,2,3.45
2400,2,3.70
2401,2,2.95
2402,2,3.05
2403,2,4.95
2404,2,3.20
2405,2,2.80
2406,2,2.25
2407,2,2.15
2408,2,2.10
2409,2,2.00
2410,2,1.95
2411,2,1.95
2412,2,1.95
2413,2,1.95
2414,2,1.95
2415,2,1.95
2416,2,2.05
2417,2,2.10
2418,2,2.25
2419,2,2.30
2420,2,2.45
2421,2,2.55
2422,2,2.75
2423,2,2.90
2424,2,2.45
2425,2,2.90
2426,2,0.75
2427,2,0.75
2428,2,2.85
2429,2,0.75
2430,2,1.35
2431,2,1.40
2432,2,1.55
2433,2,1.70
2434,2,1.90
2435,2,2.00
2436,2,2.70
2437,2,2.70
2438,2,2.70
2439,2,2.70
2440,2,2.70
2441,2,2.75
2442,2,2.80
2443,2,2.85
2444,2,2.90
2445,2,4.55
2446,2,3.05
2447,2,3.35
2448,2,3.45
2449,2,2.30
2450,2,0.75
2451,2,3.20
2452,2,3.30
2453,2,5.15
2454,2,3.45
2455,2,3.05
2456,2,2.45
2457,2,2.40
2458,2,2.30
2459,2,2.25
2460,2,2.25
2461,2,2.20
2462,2,2.20
2463,2,2.25
2464,2,2.25
2465,2,2.25
2466,2,2.30
2467,2,2.35
2468,2,2.50
2469,2,2.60
2470,2,2.70
2471,2,2.80
2472,2,3.00
2473,2,3.15
2474,2,2.70
2475,2,3.15
2476,2,0.75
2477,2,1.35
2478,2,3.15
2479,2,1.40
2480,2,1.55
2481,2,1.65
2482,2,1.80
2483,2,1.95
2484,2,2.15
2485,2,2.30
2486,2,2.95
2487,2,2.95
2488,2,2.95
2489,2,2.95
2490,2,3.00
2491,2,3.00
2492,2,3.05
2493,2,3.10
2494,2,3.15
2495,2,4.80
2496,2,3.30
2497,2,3.60
2498,2,3.70
2499,2,0.75
2500,2,2.30
1,16,4.95
2,16,2.75
3,16,6.60
4,16,2.75
5,16,5.65
6,16,4.55
7,16,4.40
8,16,4.20
9,16,4.05
10,16,4.00
11,16,3.95
12,16,3.85
13,16,3.75
14,16,3.75
15,16,3.75
16,16,4.00
17,16,4.20
18,16,4.40
19,16,4.60
20,16,4.85
21,16,5.10
22,16,5.55
23,16,5.80
24,16,4.85
25,16,5.80
26,16,6.20
27,16,5.75
28,16,2.75
29,16,5.55
30,16,5.20
31,16,5.05
32,16,4.75
33,16,4.40
34,16,3.95
35,16,3.70
36,16,3.40
37,16,3.40
38,16,3.40
39,16,3.40
40,16,3.20
41,16,3.15
42,16,2.90
43,16,2.75
44,16,2.75
45,16,9.35
46,16,6.20
47,16,6.80
48,16,7.00
49,16,6.30
50,16,6.85
51,16,2.75
52,16,4.95
53,16,6.60
54,16,2.75
55,16,5.90
56,16,4.80
57,16,4.60
58,16,4.45
59,16,4.30
60,16,4.25
61,16,4.20
62,16,4.05
63,16,4.00
64,16,4.00
65,16,4.00
66,16,4.20
67,16,4.40
68,16,4.60
69,16,4.85
70,16,5.10
71,16,5.35
72,16,5.80
73,16,6.05
74,16,5.10
75,16,6.00
76,16,6.40
77,16,5.95
78,16,2.75
79,16,5.80
80,16,5.40
81,16,5.30
82,16,5.00
83,16,4.65
84,16,4.20
85,16,3.90
86,16,3.70
87,16,3.70
88,16,3.70
89,16,3.70
90,16,3.55
91,16,3.45
92,16,3.25
93,16,3.15
94,16,2.75
95,16,9.60
96,16,6.40
97,16,7.05
98,16,7.25
99,16,6.55
100,16,7.05
101,16,6.60
102,16,6.60
103,16,4.95
104,16,3.80
105,16,9.90
106,16,8.80
107,16,8.60
108,16,8.45
109,16,8.30
110,16,8.20
111,16,8.20
112,16,8.05
113,16,8.00
114,16,8.00
115,16,8.00
116,16,8.20
117,16,8.40
118,16,8.60
119,16,8.85
120,16,9.10
121,16,9.35
122,16,9.80
123,16,10.05
124,16,9.10
125,16,10.00
126,16,10.40
127,16,9.95
128,16,6.85
129,16,9.80
130,16,9.40
131,16,9.30
132,16,9.00
133,16,8.65
134,16,8.20
135,16,7.90
136,16,7.70
137,16,7.70
138,16,7.70
139,16,7.70
140,16,7.65
141,16,7.60
142,16,7.35
143,16,7.25
144,16,7.05
145,16,13.60
146,16,10.40
147,16,11.05
148,16,11.25
149,16,10.55
150,16,11.05
151,16,2.75
152,16,2.75
153,16,3.80
154,16,4.95
155,16,6.20
156,16,5.05
157,16,4.85
158,16,4.75
159,16,4.60
160,16,4.55
161,16,4.45
162,16,4.35
163,16,4.25
164,16,4.25
165,16,4.25
166,16,4.50
167,16,4.65
168,16,4.95
169,16,5.15
170,16,5.40
171,16,5.60
172,16,6.05
173,16,6.35
174,16,5.40
175,16,6.35
176,16,6.65
177,16,6.20
178,16,3.20
179,16,6.05
180,16,5.70
181,16,5.60
182,16,5.25
183,16,4.95
184,16,4.45
185,16,4.20
186,16,4.00
187,16,4.00
188,16,4.00
189,16,4.00
190,16,3.95
191,16,3.90
192,16,3.70
193,16,3.60
194,16,3.40
195,16,9.85
196,16,6.70
197,16,7.35
198,16,7.55
199,16,6.80
200,16,7.40
201,16,5.65
202,16,5.90
203,16,9.90
204,16,6.20
205,16,4.95
206,16,4.40
207,16,4.25
208,16,4.10
209,16,3.95
210,16,3.90
211,16,3.80
212,16,3.70
213,16,3.60
214,16,3.60
215,16,3.60
216,16,3.40
217,16,3.25
218,16,3.00
219,16,1.65
220,16,3.05
221,16,3.30
222,16,3.70
223,16,4.00
224,16,1.65
225,16,1.65
226,16,5.90
227,16,5.45
228,16,5.50
229,16,5.30
230,16,4.95
231,16,4.80
232,16,4.50
233,16,4.20
234,16,3.70
235,16,3.75
236,16,5.15
237,16,5.15
238,16,5.15
239,16,5.15
240,16,5.20
241,16,5.20
242,16,5.40
243,16,5.40
244,16,5.55
245,16,8.40
246,16,4.40
247,16,5.00
248,16,5.20
249,16,6.00
250,16,6.60
251,16,4.55
252,16,4.80
253,16,8.80
254,16,5.05
255,16,4.40
256,16,4.95
257,16,1.65
258,16,1.65
259,16,1.65
260,16,1.65
261,16,1.65
262,16,2.30
263,16,2.45
264,16,2.45
265,16,2.45
266,16,2.75
267,16,2.95
268,16,3.20
269,16,3.40
270,16,3.60
271,16,3.85
272,16,4.30
273,16,4.60
274,16,3.60
275,16,4.60
276,16,4.60
277,16,4.20
278,16,4.40
279,16,4.00
280,16,3.65
281,16,3.55
282,16,3.20
283,16,2.90
284,16,2.35
285,16,2.60
286,16,4.00
287,16,4.00
288,16,4.00
289,16,4.00
290,16,4.05
291,16,4.15
292,16,4.20
293,16,4.30
294,16,4.40
295,16,8.10
296,16,5.00
297,16,5.60
298,16,5.80
299,16,4.80
300,16,5.30
301,16,4.40
302,16,4.60
303,16,8.60
304,16,4.85
305,16,4.25
306,16,1.65
307,16,4.95
308,16,1.65
309,16,1.65
310,16,1.65
311,16,1.65
312,16,2.00
313,16,2.20
314,16,2.20
315,16,2.20
316,16,2.60
317,16,2.75
318,16,3.00
319,16,3.20
320,16,3.45
321,16,3.70
322,16,4.10
323,16,4.40
324,16,3.40
325,16,4.40
326,16,4.45
327,16,4.00
328,16,4.20
329,16,3.80
330,16,3.45
331,16,3.35
332,16,3.05
333,16,2.75
334,16,2.05
335,16,2.35
336,16,3.80
337,16,3.80
338,16,3.80
339,16,3.80
340,16,3.90
341,16,3.95
342,16,4.05
343,16,4.15
344,16,4.20
345,16,7.95
346,16,4.80
347,16,5.40
348,16,5.60
349,16,4.60
350,16,5.15
351,16,4.20
352,16,4.45
353,16,8.45
354,16,4.75
355,16,4.10
356,16,1.65
357,16,1.65
358,16,4.95
359,16,1.65
360,16,1.65
361,16,1.65
362,16,1.80
363,16,1.95
364,16,1.95
365,16,1.95
366,16,2.35
367,16,2.60
368,16,2.85
369,16,3.05
370,16,3.30
371,16,3.55
372,16,4.00
373,16,4.25
374,16,3.30
375,16,4.25
376,16,4.30
377,16,3.85
378,16,4.05
379,16,3.70
380,16,3.35
381,16,3.20
382,16,2.90
383,16,2.50
384,16,1.80
385,16,2.10
386,16,3.70
387,16,3.70
388,16,3.70
389,16,3.70
390,16,3.75
391,16,3.80
392,16,3.95
393,16,4.00
394,16,4.10
395,16,7.80
396,16,4.65
397,16,5.25
398,16,5.45
399,16,4.45
400,16,5.00
401,16,4.05
402,16,4.30
403,16,8.30
404,16,4.60
405,16,3.95
406,16,1.65
407,16,1.65
408,16,1.65
409,16,4.95
410,16,1.65
411,16,1.65
412,16,1.65
413,16,1.65
414,16,1.65
415,16,1.65
416,16,2.05
417,16,2.35
418,16,2.70
419,16,2.90
420,16,3.15
421,16,3.40
422,16,3.80
423,16,4.10
424,16,3.15
425,16,4.10
426,16,4.15
427,16,3.70
428,16,3.90
429,16,3.55
430,16,3.20
431,16,3.05
432,16,2.75
433,16,2.20
434,16,1.65
435,16,1.80
436,16,3.55
437,16,3.55
438,16,3.55
439,16,3.55
440,16,3.60
441,16,3.60
442,16,3.80
443,16,3.80
444,16,3.95
445,16,7.55
446,16,4.45
447,16,5.10
448,16,5.30
449,16,4.30
450,16,4.80
451,16,4.00
452,16,4.25
453,16,8.20
454,16,4.55
455,16,3.90
456,16,1.65
457,16,1.65
458,16,1.65
459,16,1.65
460,16,4.95
461,16,1.65
462,16,1.65
463,16,1.65
464,16,1.65
465,16,1.65
466,16,1.95
467,16,2.20
468,16,2.65
469,16,2.85
470,16,3.10
471,16,3.35
472,16,3.80
473,16,4.05
474,16,3.10
475,16,4.05
476,16,4.10
477,16,3.65
478,16,3.85
479,16,3.45
480,16,3.15
481,16,3.00
482,16,2.65
483,16,2.15
484,16,1.65
485,16,1.70
486,16,3.45
487,16,3.45
488,16,3.45
489,16,3.45
490,16,3.55
491,16,3.60
492,16,3.70
493,16,3.80
494,16,3.85
495,16,7.40
496,16,4.45
497,16,5.05
498,16,5.25
499,16,4.20
500,16,4.80
501,16,3.95
502,16,4.20
503,16,8.20
504,16,4.45
505,16,3.80
506,16,1.65
507,16,1.65
508,16,1.65
509,16,1.65
510,16,1.65
511,16,4.95
512,16,1.65
513,16,1.65
514,16,1.65
515,16,1.65
516,16,1.80
517,16,2.10
518,16,2.50
519,16,2.80
520,16,3.00
521,16,3.25
522,16,3.70
523,16,4.00
524,16,3.00
525,16,4.00
526,16,4.05
527,16,3.60
528,16,3.80
529,16,3.45
530,16,3.10
531,16,2.95
532,16,2.55
533,16,2.00
534,16,1.65
535,16,1.65
536,16,3.30
537,16,3.30
538,16,3.30
539,16,3.30
540,16,3.45
541,16,3.50
542,16,3.60
543,16,3.70
544,16,3.80
545,16,7.30
546,16,4.40
547,16,5.00
548,16,5.20
549,16,4.20
550,16,4.75
551,16,3.85
552,16,4.05
553,16,8.05
554,16,4.35
555,16,3.70
556,16,2.30
557,16,2.00
558,16,1.80
559,16,1.65
560,16,1.65
561,16,1.65
562,16,4.95
563,16,1.65
564,16,1.65
565,16,1.65
566,16,1.65
567,16,1.90
568,16,2.30
569,16,2.60
570,16,2.90
571,16,3.20
572,16,3.60
573,16,3.85
574,16,2.90
575,16,3.85
576,16,4.05
577,16,3.60
578,16,3.70
579,16,3.45
580,16,3.10
581,16,2.95
582,16,2.45
583,16,1.65
584,16,1.65
585,16,1.65
586,16,3.15
587,16,3.15
588,16,3.15
589,16,3.15
590,16,3.25
591,16,3.40
592,16,3.55
593,16,3.60
594,16,3.70
595,16,7.10
596,16,4.25
597,16,4.85
598,16,5.10
599,16,4.20
600,16,4.75
601,16,3.75
602,16,4.00
603,16,8.00
604,16,4.25
605,16,3.60
606,16,2.45
607,16,2.20
608,16,1.95
609,16,1.65
610,16,1.65
611,16,1.65
612,16,1.65
613,16,4.95
614,16,1.65
615,16,1.65
616,16,1.65
617,16,1.65
618,16,2.15
619,16,2.45
620,16,2.80
621,16,3.10
622,16,3.50
623,16,3.80
624,16,2.80
625,16,3.80
626,16,4.10
627,16,3.65
628,16,3.60
629,16,3.45
630,16,3.15
631,16,3.00
632,16,2.60
633,16,2.05
634,16,1.65
635,16,1.65
636,16,2.95
637,16,2.95
638,16,2.95
639,16,2.95
640,16,3.10
641,16,3.20
642,16,3.40
643,16,3.50
644,16,3.60
645,16,6.85
646,16,4.20
647,16,4.80
648,16,5.00
649,16,4.20
650,16,4.80
651,16,3.75
652,16,4.00
653,16,8.00
654,16,4.25
655,16,3.60
656,16,2.45
657,16,2.20
658,16,1.95
659,16,1.65
660,16,1.65
661,16,1.65
662,16,1.65
663,16,1.65
664,16,4.95
665,16,1.65
666,16,1.65
667,16,1.65
668,16,2.15
669,16,2.45
670,16,2.80
671,16,3.10
672,16,3.50
673,16,3.80
674,16,2.80
675,16,3.80
676,16,4.10
677,16,3.65
678,16,3.60
679,16,3.45
680,16,3.15
681,16,3.00
682,16,2.60
683,16,2.05
684,16,1.65
685,16,1.65
686,16,2.95
687,16,2.95
688,16,2.95
689,16,2.95
690,16,3.10
691,16,3.20
692,16,3.40
693,16,3.50
694,16,3.60
695,16,6.85
696,16,4.20
697,16,4.80
698,16,5.00
699,16,4.20
700,16,4.80
701,16,3.75
702,16,4.00
703,16,8.00
704,16,4.25
705,16,3.60
706,16,2.45
707,16,2.20
708,16,1.95
709,16,1.65
710,16,1.65
711,16,1.65
712,16,1.65
713,16,1.65
714,16,1.65
715,16,4.95
716,16,1.65
717,16,1.65
718,16,2.15
719,16,2.45
720,16,2.80
721,16,3.10
722,16,3.50
723,16,3.80
724,16,2.80
725,16,3.80
726,16,4.10
727,16,3.65
728,16,3.60
729,16,3.45
730,16,3.15
731,16,3.00
732,16,2.60
733,16,2.05
734,16,1.65
735,16,1.65
736,16,2.95
737,16,2.95
738,16,2.95
739,16,2.95
740,16,3.10
741,16,3.20
742,16,3.40
743,16,3.50
744,16,3.60
745,16,6.85
746,16,4.20
747,16,4.80
748,16,5.00
749,16,4.20
750,16,4.80
751,16,4.00
752,16,4.20
753,16,8.20
754,16,4.50
755,16,3.40
756,16,2.75
757,16,2.60
758,16,2.35
759,16,2.05
760,16,1.95
761,16,1.80
762,16,1.65
763,16,1.65
764,16,1.65
765,16,1.65
766,16,4.95
767,16,1.65
768,16,1.65
769,16,2.05
770,16,2.45
771,16,2.85
772,16,3.30
773,16,3.60
774,16,2.45
775,16,3.55
776,16,4.20
777,16,3.80
778,16,3.80
779,16,3.60
780,16,3.25
781,16,3.15
782,16,2.80
783,16,2.35
784,16,1.70
785,16,1.65
786,16,3.35
787,16,3.35
788,16,3.35
789,16,3.35
790,16,3.50
791,16,3.60
792,16,3.65
793,16,3.75
794,16,3.85
795,16,6.85
796,16,3.95
797,16,4.60
798,16,4.80
799,16,4.40
800,16,4.90
801,16,4.20
802,16,4.40
803,16,8.40
804,16,4.65
805,16,3.25
806,16,2.95
807,16,2.75
808,16,2.60
809,16,2.35
810,16,2.20
811,16,2.10
812,16,1.90
813,16,1.65
814,16,1.65
815,16,1.65
816,16,1.65
817,16,4.95
818,16,1.65
819,16,1.65
820,16,2.20
821,16,2.60
822,16,3.10
823,16,3.40
824,16,2.20
825,16,3.40
826,16,4.40
827,16,3.95
828,16,4.00
829,16,3.80
830,16,3.40
831,16,3.30
832,16,3.00
833,16,2.65
834,16,1.95
835,16,1.85
836,16,3.60
837,16,3.60
838,16,3.60
839,16,3.60
840,16,3.70
841,16,3.75
842,16,3.85
843,16,3.90
844,16,4.00
845,16,5.20
846,16,3.80
847,16,4.40
848,16,4.60
849,16,4.55
850,16,5.05
851,16,4.40
852,16,4.60
853,16,8.60
854,16,4.95
855,16,3.00
856,16,3.20
857,16,3.00
858,16,2.85
859,16,2.70
860,16,2.65
861,16,2.50
862,16,2.30
863,16,2.15
864,16,2.15
865,16,2.15
866,16,1.65
867,16,1.65
868,16,4.95
869,16,1.65
870,16,1.65
871,16,2.20
872,16,2.80
873,16,3.15
874,16,1.65
875,16,3.15
876,16,4.65
877,16,4.20
878,16,4.25
879,16,4.00
880,16,3.70
881,16,3.55
882,16,3.25
883,16,2.90
884,16,2.35
885,16,2.25
886,16,3.90
887,16,3.90
888,16,3.90
889,16,3.90
890,16,3.95
891,16,4.00
892,16,4.10
893,16,4.20
894,16,4.25
895,16,6.85
896,16,3.55
897,16,4.15
898,16,4.40
899,16,4.80
900,16,5.35
901,16,4.60
902,16,4.85
903,16,8.85
904,16,5.15
905,16,1.65
906,16,3.40
907,16,3.20
908,16,3.05
909,16,2.90
910,16,2.85
911,16,2.80
912,16,2.60
913,16,2.45
914,16,2.45
915,16,2.45
916,16,2.05
917,16,1.65
918,16,1.65
919,16,4.95
920,16,1.65
921,16,1.65
922,16,1.65
923,16,1.65
924,16,1.65
925,16,1.65
926,16,4.85
927,16,4.40
928,16,4.45
929,16,4.20
930,16,3.85
931,16,3.75
932,16,3.40
933,16,3.10
934,16,2.60
935,16,2.60
936,16,4.05
937,16,4.05
938,16,4.05
939,16,4.05
940,16,4.15
941,16,4.20
942,16,4.30
943,16,4.40
944,16,4.45
945,16,6.85
946,16,3.35
947,16,3.95
948,16,4.20
949,16,5.00
950,16,5.55
951,16,4.85
952,16,5.10
953,16,9.10
954,16,5.40
955,16,3.05
956,16,3.60
957,16,3.45
958,16,3.30
959,16,3.15
960,16,3.10
961,16,3.00
962,16,2.90
963,16,2.80
964,16,2.80
965,16,2.80
966,16,2.45
967,16,2.20
968,16,1.65
969,16,1.65
970,16,4.95
971,16,1.65
972,16,1.65
973,16,1.65
974,16,1.65
975,16,3.20
976,16,5.10
977,16,4.60
978,16,4.70
979,16,4.45
980,16,4.15
981,16,4.00
982,16,3.70
983,16,3.35
984,16,2.90
985,16,2.90
986,16,4.35
987,16,4.35
988,16,4.35
989,16,4.35
990,16,4.40
991,16,4.40
992,16,4.55
993,16,4.60
994,16,4.75
995,16,7.40
996,16,3.10
997,16,3.70
998,16,3.95
999,16,5.20
1000,16,5.80
1001,16,5.10
1002,16,5.35
1003,16,9.35
1004,16,5.60
1005,16,3.30
1006,16,3.85
1007,16,3.70
1008,16,3.55
1009,16,3.40
1010,16,3.35
1011,16,3.25
1012,16,3.20
1013,16,3.10
1014,16,3.10
1015,16,3.10
1016,16,2.85
1017,16,2.60
1018,16,2.20
1019,16,1.65
1020,16,1.65
1021,16,4.95
1022,16,1.65
1023,16,1.65
1024,16,2.25
1025,16,3.40
1026,16,5.35
1027,16,4.90
1028,16,4.95
1029,16,4.75
1030,16,4.40
1031,16,4.25
1032,16,3.95
1033,16,3.60
1034,16,3.20
1035,16,3.20
1036,16,4.60
1037,16,4.60
1038,16,4.60
1039,16,4.60
1040,16,4.60
1041,16,4.70
1042,16,4.80
1043,16,4.85
1044,16,5.00
1045,16,7.80
1046,16,1.65
1047,16,3.45
1048,16,3.65
1049,16,5.50
1050,16,6.00
1051,16,5.55
1052,16,5.80
1053,16,9.80
1054,16,6.05
1055,16,3.70
1056,16,4.30
1057,16,4.10
1058,16,4.00
1059,16,3.80
1060,16,3.80
1061,16,3.70
1062,16,3.60
1063,16,3.50
1064,16,3.50
1065,16,3.50
1066,16,3.30
1067,16,3.10
1068,16,2.80
1069,16,1.65
1070,16,1.65
1071,16,1.65
1072,16,4.95
1073,16,1.65
1074,16,2.85
1075,16,3.85
1076,16,5.80
1077,16,5.35
1078,16,5.40
1079,16,5.15
1080,16,4.80
1081,16,4.65
1082,16,4.35
1083,16,4.00
1084,16,3.60
1085,16,3.60
1086,16,5.00
1087,16,5.00
1088,16,5.00
1089,16,5.00
1090,16,5.05
1091,16,5.10
1092,16,5.20
1093,16,5.30
1094,16,5.40
1095,16,8.30
1096,16,1.65
1097,16,3.00
1098,16,3.25
1099,16,5.90
1100,16,6.45
1101,16,5.80
1102,16,6.05
1103,16,10.05
1104,16,6.35
1105,16,4.00
1106,16,4.60
1107,16,4.40
1108,16,4.25
1109,16,4.10
1110,16,4.05
1111,16,4.00
1112,16,3.85
1113,16,3.80
1114,16,3.80
1115,16,3.80
1116,16,3.60
1117,16,3.40
1118,16,3.15
1119,16,1.65
1120,16,1.65
1121,16,1.65
1122,16,1.65
1123,16,4.95
1124,16,3.20
1125,16,4.15
1126,16,6.05
1127,16,5.60
1128,16,5.65
1129,16,5.45
1130,16,5.10
1131,16,4.95
1132,16,4.65
1133,16,4.35
1134,16,3.85
1135,16,3.90
1136,16,5.30
1137,16,5.30
1138,16,5.30
1139,16,5.30
1140,16,5.35
1141,16,5.40
1142,16,5.55
1143,16,5.60
1144,16,5.70
1145,16,8.60
1146,16,1.65
1147,16,2.60
1148,16,2.95
1149,16,6.20
1150,16,6.75
1151,16,4.85
1152,16,5.10
1153,16,9.10
1154,16,5.40
1155,16,1.65
1156,16,3.60
1157,16,3.40
1158,16,3.30
1159,16,3.15
1160,16,3.10
1161,16,3.00
1162,16,2.90
1163,16,2.80
1164,16,2.80
1165,16,2.80
1166,16,2.45
1167,16,2.20
1168,16,1.65
1169,16,1.65
1170,16,1.65
1171,16,2.25
1172,16,2.85
1173,16,3.20
1174,16,4.95
1175,16,1.65
1176,16,5.10
1177,16,4.65
1178,16,4.70
1179,16,4.45
1180,16,4.10
1181,16,4.00
1182,16,3.65
1183,16,3.35
1184,16,2.90
1185,16,2.90
1186,16,4.35
1187,16,4.35
1188,16,4.35
1189,16,4.35
1190,16,4.40
1191,16,4.40
1192,16,4.55
1193,16,4.60
1194,16,4.75
1195,16,7.40
1196,16,3.60
1197,16,4.20
1198,16,4.40
1199,16,5.20
1200,16,5.80
1201,16,5.80
1202,16,6.00
1203,16,10.00
1204,16,6.35
1205,16,1.65
1206,16,4.60
1207,16,4.40
1208,16,4.25
1209,16,4.10
1210,16,4.05
1211,16,4.00
1212,16,3.85
1213,16,3.80
1214,16,3.80
1215,16,3.80
1216,16,3.55
1217,16,3.40
1218,16,3.15
1219,16,1.65
1220,16,3.20
1221,16,3.40
1222,16,3.85
1223,16,4.15
1224,16,1.65
1225,16,4.95
1226,16,6.05
1227,16,5.60
1228,16,5.65
1229,16,5.40
1230,16,5.05
1231,16,4.95
1232,16,4.60
1233,16,4.30
1234,16,3.85
1235,16,3.85
1236,16,5.25
1237,16,5.25
1238,16,5.25
1239,16,5.25
1240,16,5.35
1241,16,5.40
1242,16,5.50
1243,16,5.60
1244,16,5.65
1245,16,8.60
1246,16,4.55
1247,16,5.15
1248,16,5.35
1249,16,6.20
1250,16,6.75
1251,16,6.20
1252,16,6.40
1253,16,10.40
1254,16,6.65
1255,16,5.90
1256,16,4.60
1257,16,4.45
1258,16,4.30
1259,16,4.15
1260,16,4.10
1261,16,4.05
1262,16,4.05
1263,16,4.10
1264,16,4.10
1265,16,4.10
1266,16,4.20
1267,16,4.40
1268,16,4.65
1269,16,4.85
1270,16,5.10
1271,16,5.35
1272,16,5.80
1273,16,6.05
1274,16,5.10
1275,16,6.05
1276,16,4.95
1277,16,1.65
1278,16,6.00
1279,16,1.65
1280,16,1.65
1281,16,1.65
1282,16,3.15
1283,16,3.45
1284,16,3.95
1285,16,4.20
1286,16,5.60
1287,16,5.60
1288,16,5.60
1289,16,5.60
1290,16,5.70
1291,16,5.75
1292,16,5.85
1293,16,5.95
1294,16,6.00
1295,16,9.60
1296,16,6.40
1297,16,7.05
1298,16,7.25
1299,16,1.65
1300,16,1.65
1301,16,5.75
1302,16,5.95
1303,16,9.95
1304,16,6.20
1305,16,5.45
1306,16,4.20
1307,16,4.00
1308,16,3.85
1309,16,3.70
1310,16,3.65
1311,16,3.60
1312,16,3.60
1313,16,3.65
1314,16,3.65
1315,16,3.65
1316,16,3.80
1317,16,3.95
1318,16,4.20
1319,16,4.40
1320,16,4.60
1321,16,4.90
1322,16,5.35
1323,16,5.60
1324,16,4.65
1325,16,5.60
1326,16,1.65
1327,16,4.95
1328,16,5.60
1329,16,1.65
1330,16,1.65
1331,16,1.65
1332,16,2.60
1333,16,3.00
1334,16,3.50
1335,16,3.80
1336,16,5.20
1337,16,5.20
1338,16,5.20
1339,16,5.20
1340,16,5.25
1341,16,5.30
1342,16,5.40
1343,16,5.45
1344,16,5.60
1345,16,9.15
1346,16,6.00
1347,16,6.60
1348,16,6.80
1349,16,1.65
1350,16,2.90
1351,16,2.75
1352,16,2.75
1353,16,6.85
1354,16,3.20
1355,16,5.50
1356,16,4.40
1357,16,4.20
1358,16,4.05
1359,16,3.90
1360,16,3.85
1361,16,3.80
1362,16,3.70
1363,16,3.60
1364,16,3.60
1365,16,3.60
1366,16,3.80
1367,16,4.00
1368,16,4.25
1369,16,4.45
1370,16,4.70
1371,16,4.95
1372,16,5.40
1373,16,5.65
1374,16,4.70
1375,16,5.65
1376,16,6.00
1377,16,5.60
1378,16,4.95
1379,16,5.40
1380,16,5.00
1381,16,4.90
1382,16,4.60
1383,16,4.25
1384,16,3.80
1385,16,3.55
1386,16,3.10
1387,16,3.10
1388,16,3.10
1389,16,3.10
1390,16,2.95
1391,16,2.85
1392,16,2.75
1393,16,2.75
1394,16,2.75
1395,16,9.20
1396,16,6.05
1397,16,6.65
1398,16,6.85
1399,16,6.15
1400,16,6.70
1401,16,5.55
1402,16,5.80
1403,16,9.80
1404,16,6.05
1405,16,5.30
1406,16,4.00
1407,16,3.80
1408,16,3.70
1409,16,3.55
1410,16,3.45
1411,16,3.45
1412,16,3.45
1413,16,3.45
1414,16,3.45
1415,16,3.45
1416,16,3.60
1417,16,3.80
1418,16,4.00
1419,16,4.20
1420,16,4.45
1421,16,4.75
1422,16,5.15
1423,16,5.45
1424,16,4.45
1425,16,5.40
1426,16,1.65
1427,16,1.65
1428,16,5.40
1429,16,4.95
1430,16,1.65
1431,16,1.65
1432,16,1.65
1433,16,1.65
1434,16,3.35
1435,16,3.60
1436,16,5.00
1437,16,5.00
1438,16,5.00
1439,16,5.00
1440,16,5.05
1441,16,5.10
1442,16,5.25
1443,16,5.30
1444,16,5.40
1445,16,9.00
1446,16,5.80
1447,16,6.40
1448,16,6.65
1449,16,1.65
1450,16,3.05
1451,16,5.20
1452,16,5.40
1453,16,9.40
1454,16,5.70
1455,16,4.95
1456,16,3.65
1457,16,3.45
1458,16,3.35
1459,16,3.20
1460,16,3.15
1461,16,3.10
1462,16,3.10
1463,16,3.15
1464,16,3.15
1465,16,3.15
1466,16,3.25
1467,16,3.40
1468,16,3.70
1469,16,3.85
1470,16,4.15
1471,16,4.40
1472,16,4.80
1473,16,5.10
1474,16,4.10
1475,16,5.05
1476,16,1.65
1477,16,1.65
1478,16,5.00
1479,16,1.65
1480,16,4.95
1481,16,1.65
1482,16,1.65
1483,16,1.65
1484,16,3.00
1485,16,3.25
1486,16,4.65
1487,16,4.65
1488,16,4.65
1489,16,4.65
1490,16,4.70
1491,16,4.80
1492,16,4.90
1493,16,4.95
1494,16,5.05
1495,16,8.60
1496,16,5.45
1497,16,6.10
1498,16,6.30
1499,16,2.85
1500,16,3.40
1501,16,5.05
1502,16,5.30
1503,16,9.30
1504,16,5.60
1505,16,4.80
1506,16,3.55
1507,16,3.35
1508,16,3.20
1509,16,3.05
1510,16,3.00
1511,16,2.95
1512,16,2.95
1513,16,3.00
1514,16,3.00
1515,16,3.00
1516,16,3.15
1517,16,3.30
1518,16,3.55
1519,16,3.75
1520,16,4.00
1521,16,4.25
1522,16,4.65
1523,16,4.95
1524,16,4.00
1525,16,4.95
1526,16,1.65
1527,16,1.65
1528,16,4.90
1529,16,1.65
1530,16,1.65
1531,16,4.95
1532,16,1.65
1533,16,1.65
1534,16,2.75
1535,16,3.10
1536,16,4.55
1537,16,4.55
1538,16,4.55
1539,16,4.55
1540,16,4.60
1541,16,4.60
1542,16,4.75
1543,16,4.80
1544,16,4.95
1545,16,8.50
1546,16,5.35
1547,16,5.95
1548,16,6.20
1549,16,3.00
1550,16,3.55
1551,16,4.75
1552,16,5.00
1553,16,9.00
1554,16,5.25
1555,16,4.50
1556,16,3.20
1557,16,3.05
1558,16,2.90
1559,16,2.75
1560,16,2.65
1561,16,2.55
1562,16,2.45
1563,16,2.60
1564,16,2.60
1565,16,2.60
1566,16,2.80
1567,16,3.00
1568,16,3.25
1569,16,3.40
1570,16,3.70
1571,16,3.95
1572,16,4.35
1573,16,4.65
1574,16,3.65
1575,16,4.60
1576,16,3.15
1577,16,2.60
1578,16,4.60
1579,16,1.65
1580,16,1.65
1581,16,1.65
1582,16,4.95
1583,16,1.65
1584,16,2.30
1585,16,2.80
1586,16,4.20
1587,16,4.20
1588,16,4.20
1589,16,4.20
1590,16,4.25
1591,16,4.35
1592,16,4.45
1593,16,4.50
1594,16,4.60
1595,16,8.20
1596,16,5.00
1597,16,5.65
1598,16,5.85
1599,16,3.30
1600,16,3.80
1601,16,4.40
1602,16,4.65
1603,16,8.65
1604,16,4.95
1605,16,4.20
1606,16,2.90
1607,16,2.75
1608,16,2.50
1609,16,2.20
1610,16,2.15
1611,16,2.00
1612,16,1.65
1613,16,2.05
1614,16,2.05
1615,16,2.05
1616,16,2.35
1617,16,2.65
1618,16,2.90
1619,16,3.10
1620,16,3.35
1621,16,3.60
1622,16,4.00
1623,16,4.35
1624,16,3.35
1625,16,4.30
1626,16,3.45
1627,16,3.00
1628,16,4.25
1629,16,1.65
1630,16,1.65
1631,16,1.65
1632,16,1.65
1633,16,4.95
1634,16,1.65
1635,16,2.25
1636,16,3.90
1637,16,3.90
1638,16,3.90
1639,16,3.90
1640,16,3.95
1641,16,4.00
1642,16,4.10
1643,16,4.20
1644,16,4.30
1645,16,7.85
1646,16,4.70
1647,16,5.30
1648,16,5.55
1649,16,3.60
1650,16,4.20
1651,16,3.95
1652,16,4.20
1653,16,8.20
1654,16,4.45
1655,16,3.70
1656,16,2.35
1657,16,2.05
1658,16,1.80
1659,16,1.65
1660,16,1.65
1661,16,1.65
1662,16,1.65
1663,16,1.65
1664,16,1.65
1665,16,1.65
1666,16,1.70
1667,16,1.95
1668,16,2.35
1669,16,2.60
1670,16,2.90
1671,16,3.20
1672,16,3.60
1673,16,3.85
1674,16,2.90
1675,16,3.85
1676,16,3.95
1677,16,3.50
1678,16,3.80
1679,16,3.35
1680,16,3.00
1681,16,2.75
1682,16,2.30
1683,16,1.65
1684,16,4.95
1685,16,1.65
1686,16,3.30
1687,16,3.30
1688,16,3.30
1689,16,3.30
1690,16,3.45
1691,16,3.55
1692,16,3.60
1693,16,3.70
1694,16,3.80
1695,16,7.15
1696,16,4.25
1697,16,4.85
1698,16,5.10
1699,16,4.10
1700,16,4.60
1701,16,3.70
1702,16,3.90
1703,16,7.90
1704,16,4.20
1705,16,3.75
1706,16,2.60
1707,16,2.35
1708,16,2.10
1709,16,1.80
1710,16,1.70
1711,16,1.65
1712,16,1.65
1713,16,1.65
1714,16,1.65
1715,16,1.65
1716,16,1.65
1717,16,1.85
1718,16,2.25
1719,16,2.60
1720,16,2.90
1721,16,3.20
1722,16,3.60
1723,16,3.90
1724,16,2.90
1725,16,3.85
1726,16,4.20
1727,16,3.80
1728,16,3.55
1729,16,3.60
1730,16,3.25
1731,16,3.10
1732,16,2.80
1733,16,2.25
1734,16,1.65
1735,16,4.95
1736,16,2.75
1737,16,2.75
1738,16,2.75
1739,16,2.75
1740,16,2.95
1741,16,3.00
1742,16,3.25
1743,16,3.40
1744,16,3.55
1745,16,7.05
1746,16,4.25
1747,16,4.85
1748,16,5.10
1749,16,4.35
1750,16,4.90
1751,16,3.40
1752,16,3.70
1753,16,7.70
1754,16,4.00
1755,16,5.15
1756,16,4.00
1757,16,3.80
1758,16,3.70
1759,16,3.55
1760,16,3.45
1761,16,3.30
1762,16,3.15
1763,16,2.95
1764,16,2.95
1765,16,2.95
1766,16,3.35
1767,16,3.60
1768,16,3.90
1769,16,4.05
1770,16,4.35
1771,16,4.60
1772,16,5.00
1773,16,5.30
1774,16,4.35
1775,16,5.25
1776,16,5.60
1777,16,5.20
1778,16,3.10
1779,16,5.00
1780,16,4.65
1781,16,4.55
1782,16,4.20
1783,16,3.90
1784,16,3.30
1785,16,2.75
1786,16,4.95
1787,16,1.65
1788,16,1.65
1789,16,1.65
1790,16,1.65
1791,16,1.65
1792,16,1.65
1793,16,1.65
1794,16,2.80
1795,16,8.80
1796,16,5.65
1797,16,6.30
1798,16,6.50
1799,16,5.80
1800,16,6.30
1801,16,3.40
1802,16,3.70
1803,16,7.70
1804,16,4.00
1805,16,5.15
1806,16,4.00
1807,16,3.80
1808,16,3.70
1809,16,3.55
1810,16,3.45
1811,16,3.30
1812,16,3.15
1813,16,2.95
1814,16,2.95
1815,16,2.95
1816,16,3.35
1817,16,3.60
1818,16,3.90
1819,16,4.05
1820,16,4.35
1821,16,4.60
1822,16,5.00
1823,16,5.30
1824,16,4.35
1825,16,5.25
1826,16,5.60
1827,16,5.20
1828,16,3.10
1829,16,5.00
1830,16,4.65
1831,16,4.55
1832,16,4.20
1833,16,3.90
1834,16,3.30
1835,16,2.75
1836,16,1.65
1837,16,4.95
1838,16,1.65
1839,16,1.65
1840,16,1.65
1841,16,1.65
1842,16,1.65
1843,16,1.65
1844,16,2.80
1845,16,8.80
1846,16,5.65
1847,16,6.30
1848,16,6.50
1849,16,5.80
1850,16,6.30
1851,16,3.40
1852,16,3.70
1853,16,7.70
1854,16,4.00
1855,16,5.15
1856,16,4.00
1857,16,3.80
1858,16,3.70
1859,16,3.55
1860,16,3.45
1861,16,3.30
1862,16,3.15
1863,16,2.95
1864,16,2.95
1865,16,2.95
1866,16,3.35
1867,16,3.60
1868,16,3.90
1869,16,4.05
1870,16,4.35
1871,16,4.60
1872,16,5.00
1873,16,5.30
1874,16,4.35
1875,16,5.25
1876,16,5.60
1877,16,5.20
1878,16,3.10
1879,16,5.00
1880,16,4.65
1881,16,4.55
1882,16,4.20
1883,16,3.90
1884,16,3.30
1885,16,2.75
1886,16,1.65
1887,16,1.65
1888,16,4.95
1889,16,1.65
1890,16,1.65
1891,16,1.65
1892,16,1.65
1893,16,1.65
1894,16,2.80
1895,16,8.80
1896,16,5.65
1897,16,6.30
1898,16,6.50
1899,16,5.80
1900,16,6.30
1901,16,3.40
1902,16,3.70
1903,16,7.70
1904,16,4.00
1905,16,5.15
1906,16,4.00
1907,16,3.80
1908,16,3.70
1909,16,3.55
1910,16,3.45
1911,16,3.30
1912,16,3.15
1913,16,2.95
1914,16,2.95
1915,16,2.95
1916,16,3.35
1917,16,3.60
1918,16,3.90
1919,16,4.05
1920,16,4.35
1921,16,4.60
1922,16,5.00
1923,16,5.30
1924,16,4.35
1925,16,5.25
1926,16,5.60
1927,16,5.20
1928,16,3.10
1929,16,5.00
1930,16,4.65
1931,16,4.55
1932,16,4.20
1933,16,3.90
1934,16,3.30
1935,16,2.75
1936,16,1.65
1937,16,1.65
1938,16,1.65
1939,16,4.95
1940,16,1.65
1941,16,1.65
1942,16,1.65
1943,16,1.65
1944,16,2.80
1945,16,8.80
1946,16,5.65
1947,16,6.30
1948,16,6.50
1949,16,5.80
1950,16,6.30
1951,16,3.20
1952,16,3.55
1953,16,7.65
1954,16,3.95
1955,16,5.20
1956,16,4.05
1957,16,3.90
1958,16,3.75
1959,16,3.60
1960,16,3.55
1961,16,3.45
1962,16,3.25
1963,16,3.10
1964,16,3.10
1965,16,3.10
1966,16,3.50
1967,16,3.70
1968,16,3.95
1969,16,4.15
1970,16,4.40
1971,16,4.60
1972,16,5.05
1973,16,5.35
1974,16,4.40
1975,16,5.35
1976,16,5.70
1977,16,5.25
1978,16,2.95
1979,16,5.05
1980,16,4.70
1981,16,4.60
1982,16,4.25
1983,16,3.95
1984,16,3.45
1985,16,2.95
1986,16,1.65
1987,16,1.65
1988,16,1.65
1989,16,1.65
1990,16,4.95
1991,16,1.65
1992,16,1.65
1993,16,1.65
1994,16,2.60
1995,16,8.85
1996,16,5.75
1997,16,6.35
1998,16,6.55
1999,16,5.80
2000,16,6.40
2001,16,3.15
2002,16,3.45
2003,16,7.60
2004,16,3.90
2005,16,5.20
2006,16,4.15
2007,16,3.95
2008,16,3.80
2009,16,3.60
2010,16,3.60
2011,16,3.50
2012,16,3.40
2013,16,3.20
2014,16,3.20
2015,16,3.20
2016,16,3.60
2017,16,3.75
2018,16,4.00
2019,16,4.20
2020,16,4.40
2021,16,4.70
2022,16,5.10
2023,16,5.40
2024,16,4.40
2025,16,5.40
2026,16,5.75
2027,16,5.30
2028,16,2.85
2029,16,5.10
2030,16,4.80
2031,16,4.60
2032,16,4.35
2033,16,4.00
2034,16,3.55
2035,16,3.00
2036,16,1.65
2037,16,1.65
2038,16,1.65
2039,16,1.65
2040,16,1.65
2041,16,4.95
2042,16,1.65
2043,16,1.65
2044,16,2.60
2045,16,8.95
2046,16,5.80
2047,16,6.40
2048,16,6.60
2049,16,5.85
2050,16,6.40
2051,16,2.90
2052,16,3.25
2053,16,7.35
2054,16,3.70
2055,16,5.40
2056,16,4.20
2057,16,4.05
2058,16,3.95
2059,16,3.80
2060,16,3.70
2061,16,3.60
2062,16,3.55
2063,16,3.40
2064,16,3.40
2065,16,3.40
2066,16,3.65
2067,16,3.85
2068,16,4.10
2069,16,4.30
2070,16,4.55
2071,16,4.80
2072,16,5.20
2073,16,5.55
2074,16,4.55
2075,16,5.50
2076,16,5.85
2077,16,5.40
2078,16,2.75
2079,16,5.25
2080,16,4.90
2081,16,4.75
2082,16,4.45
2083,16,4.10
2084,16,3.60
2085,16,3.25
2086,16,1.65
2087,16,1.65
2088,16,1.65
2089,16,1.65
2090,16,1.65
2091,16,1.65
2092,16,4.95
2093,16,1.65
2094,16,2.60
2095,16,9.00
2096,16,5.90
2097,16,6.55
2098,16,6.75
2099,16,6.00
2100,16,6.55
2101,16,2.75
2102,16,3.15
2103,16,7.25
2104,16,3.60
2105,16,5.40
2106,16,4.30
2107,16,4.15
2108,16,4.00
2109,16,3.80
2110,16,3.80
2111,16,3.70
2112,16,3.60
2113,16,3.50
2114,16,3.50
2115,16,3.50
2116,16,3.75
2117,16,3.90
2118,16,4.20
2119,16,4.40
2120,16,4.60
2121,16,4.85
2122,16,5.30
2123,16,5.60
2124,16,4.60
2125,16,5.60
2126,16,5.95
2127,16,5.45
2128,16,2.75
2129,16,5.30
2130,16,4.95
2131,16,4.80
2132,16,4.50
2133,16,4.20
2134,16,3.70
2135,16,3.40
2136,16,1.65
2137,16,1.65
2138,16,1.65
2139,16,1.65
2140,16,1.65
2141,16,1.65
2142,16,1.65
2143,16,4.95
2144,16,2.60
2145,16,9.10
2146,16,5.95
2147,16,6.60
2148,16,6.80
2149,16,6.05
2150,16,6.60
2151,16,2.75
2152,16,2.75
2153,16,7.05
2154,16,3.40
2155,16,5.55
2156,16,4.40
2157,16,4.20
2158,16,4.10
2159,16,3.95
2160,16,3.85
2161,16,3.80
2162,16,3.70
2163,16,3.60
2164,16,3.60
2165,16,3.60
2166,16,3.85
2167,16,4.00
2168,16,4.25
2169,16,4.45
2170,16,4.75
2171,16,5.00
2172,16,5.40
2173,16,5.70
2174,16,4.75
2175,16,5.65
2176,16,6.00
2177,16,5.60
2178,16,2.75
2179,16,5.40
2180,16,5.05
2181,16,4.95
2182,16,4.60
2183,16,4.30
2184,16,3.80
2185,16,3.55
2186,16,2.80
2187,16,2.80
2188,16,2.80
2189,16,2.80
2190,16,2.60
2191,16,2.60
2192,16,2.60
2193,16,2.60
2194,16,4.95
2195,16,9.20
2196,16,6.05
2197,16,6.70
2198,16,6.90
2199,16,6.20
2200,16,6.70
2201,16,9.35
2202,16,9.60
2203,16,13.60
2204,16,9.85
2205,16,8.40
2206,16,8.10
2207,16,7.95
2208,16,7.80
2209,16,7.55
2210,16,7.40
2211,16,7.30
2212,16,7.10
2213,16,6.85
2214,16,6.85
2215,16,6.85
2216,16,6.85
2217,16,5.20
2218,16,6.85
2219,16,6.85
2220,16,7.40
2221,16,7.80
2222,16,8.30
2223,16,8.60
2224,16,7.40
2225,16,8.60
2226,16,9.60
2227,16,9.15
2228,16,9.20
2229,16,9.00
2230,16,8.60
2231,16,8.50
2232,16,8.20
2233,16,7.85
2234,16,7.15
2235,16,7.05
2236,16,8.80
2237,16,8.80
2238,16,8.80
2239,16,8.80
2240,16,8.85
2241,16,8.95
2242,16,9.00
2243,16,9.10
2244,16,9.20
2245,16,4.95
2246,16,9.00
2247,16,9.60
2248,16,9.80
2249,16,9.75
2250,16,10.25
2251,16,6.20
2252,16,6.40
2253,16,10.40
2254,16,6.70
2255,16,4.40
2256,16,5.00
2257,16,4.80
2258,16,4.65
2259,16,4.45
2260,16,4.45
2261,16,4.40
2262,16,4.25
2263,16,4.20
2264,16,4.20
2265,16,4.20
2266,16,3.95
2267,16,3.80
2268,16,3.55
2269,16,3.35
2270,16,3.10
2271,16,1.65
2272,16,1.65
2273,16,1.65
2274,16,3.60
2275,16,4.55
2276,16,6.40
2277,16,6.00
2278,16,6.05
2279,16,5.80
2280,16,5.45
2281,16,5.35
2282,16,5.00
2283,16,4.70
2284,16,4.25
2285,16,4.25
2286,16,5.65
2287,16,5.65
2288,16,5.65
2289,16,5.65
2290,16,5.75
2291,16,5.80
2292,16,5.90
2293,16,5.95
2294,16,6.05
2295,16,9.00
2296,16,4.95
2297,16,2.00
2298,16,2.40
2299,16,6.60
2300,16,7.10
2301,16,6.80
2302,16,7.05
2303,16,11.05
2304,16,7.35
2305,16,5.00
2306,16,5.60
2307,16,5.40
2308,16,5.25
2309,16,5.10
2310,16,5.05
2311,16,5.00
2312,16,4.85
2313,16,4.80
2314,16,4.80
2315,16,4.80
2316,16,4.60
2317,16,4.40
2318,16,4.15
2319,16,3.95
2320,16,3.70
2321,16,3.45
2322,16,3.00
2323,16,2.60
2324,16,4.20
2325,16,5.15
2326,16,7.05
2327,16,6.60
2328,16,6.65
2329,16,6.40
2330,16,6.10
2331,16,5.95
2332,16,5.65
2333,16,5.30
2334,16,4.85
2335,16,4.85
2336,16,6.30
2337,16,6.30
2338,16,6.30
2339,16,6.30
2340,16,6.35
2341,16,6.40
2342,16,6.55
2343,16,6.60
2344,16,6.70
2345,16,9.60
2346,16,2.00
2347,16,4.95
2348,16,1.65
2349,16,7.20
2350,16,7.75
2351,16,7.00
2352,16,7.25
2353,16,11.25
2354,16,7.55
2355,16,5.20
2356,16,5.80
2357,16,5.60
2358,16,5.45
2359,16,5.30
2360,16,5.25
2361,16,5.20
2362,16,5.10
2363,16,5.00
2364,16,5.00
2365,16,5.00
2366,16,4.80
2367,16,4.60
2368,16,4.40
2369,16,4.20
2370,16,3.95
2371,16,3.65
2372,16,3.25
2373,16,2.95
2374,16,4.40
2375,16,5.35
2376,16,7.25
2377,16,6.80
2378,16,6.85
2379,16,6.65
2380,16,6.30
2381,16,6.20
2382,16,5.85
2383,16,5.55
2384,16,5.10
2385,16,5.10
2386,16,6.50
2387,16,6.50
2388,16,6.50
2389,16,6.50
2390,16,6.55
2391,16,6.60
2392,16,6.75
2393,16,6.80
2394,16,6.90
2395,16,9.80
2396,16,2.40
2397,16,1.65
2398,16,4.95
2399,16,7.40
2400,16,7.95
2401,16,6.30
2402,16,6.55
2403,16,10.55
2404,16,6.80
2405,16,6.00
2406,16,4.80
2407,16,4.60
2408,16,4.45
2409,16,4.30
2410,16,4.20
2411,16,4.20
2412,16,4.20
2413,16,4.20
2414,16,4.20
2415,16,4.20
2416,16,4.40
2417,16,4.55
2418,16,4.80
2419,16,5.00
2420,16,5.20
2421,16,5.50
2422,16,5.90
2423,16,6.20
2424,16,5.20
2425,16,6.20
2426,16,1.65
2427,16,1.65
2428,16,6.15
2429,16,1.65
2430,16,2.85
2431,16,3.00
2432,16,3.30
2433,16,3.60
2434,16,4.10
2435,16,4.35
2436,16,5.80
2437,16,5.80
2438,16,5.80
2439,16,5.80
2440,16,5.80
2441,16,5.85
2442,16,6.00
2443,16,6.05
2444,16,6.20
2445,16,9.75
2446,16,6.60
2447,16,7.20
2448,16,7.40
2449,16,4.95
2450,16,1.65
2451,16,6.85
2452,16,7.05
2453,16,11.05
2454,16,7.40
2455,16,6.60
2456,16,5.30
2457,16,5.15
2458,16,5.00
2459,16,4.80
2460,16,4.80
2461,16,4.75
2462,16,4.75
2463,16,4.80
2464,16,4.80
2465,16,4.80
2466,16,4.90
2467,16,5.05
2468,16,5.35
2469,16,5.55
2470,16,5.80
2471,16,6.00
2472,16,6.45
2473,16,6.75
2474,16,5.80
2475,16,6.75
2476,16,1.65
2477,16,2.90
2478,16,6.70
2479,16,3.05
2480,16,3.40
2481,16,3.55
2482,16,3.80
2483,16,4.20
2484,16,4.60
2485,16,4.90
2486,16,6.30
2487,16,6.30
2488,16,6.30
2489,16,6.30
2490,16,6.40
2491,16,6.40
2492,16,6.55
2493,16,6.60
2494,16,6.70
2495,16,10.25
2496,16,7.10
2497,16,7.75
2498,16,7.95
2499,16,1.65
2500,16,4.95